002a_0001.jpg 77 81 209 149
002a_0002.jpg 1 1 400 244
002a_0003.jpg 1 1 370 260
002a_0004.jpg 1 1 400 260
002a_0005.jpg 24 79 251 142
002a_0006.jpg 6 57 290 185
002a_0007.jpg 29 22 248 150
002a_0008.jpg 62 28 110 81
002a_0009.jpg 1 1 400 266
002a_0010.jpg 15 46 368 206
002a_0011.jpg 1 22 378 262
002a_0012.jpg 9 35 380 231
002a_0013.jpg 17 34 343 229
002a_0014.jpg 58 60 137 119
002a_0015.jpg 5 17 339 198
002a_0016.jpg 27 1 165 129
002a_0017.jpg 52 27 317 248
002a_0018.jpg 135 69 176 139
002a_0019.jpg 35 32 337 215
002a_0020.jpg 108 86 275 197
002a_0021.jpg 32 56 355 135
002a_0022.jpg 7 19 377 242
002a_0023.jpg 26 26 360 232
002a_0024.jpg 18 10 214 145
002a_0025.jpg 33 32 332 195
002a_0026.jpg 54 26 335 229
002a_0027.jpg 57 17 277 280
002a_0028.jpg 2 9 147 128
002a_0029.jpg 15 3 234 163
002a_0030.jpg 35 35 363 286
002a_0031.jpg 55 17 265 266
002a_0032.jpg 31 55 369 284
002a_0033.jpg 1 1 250 172
002a_0034.jpg 49 66 334 164
002a_0035.jpg 37 35 323 196
002a_0036.jpg 53 51 322 206
002a_0037.jpg 3 33 397 294
002a_0038.jpg 31 16 206 282
002a_0039.jpg 58 29 87 153
002a_0040.jpg 40 26 170 128
002a_0041.jpg 23 12 170 137
002a_0042.jpg 32 23 205 126
002a_0043.jpg 1 1 255 197
002a_0044.jpg 12 22 166 140
002a_0045.jpg 15 14 227 142
002a_0046.jpg 86 44 129 106
002a_0047.jpg 17 17 219 146
002a_0048.jpg 20 16 175 128
002a_0049.jpg 1 1 400 237
002a_0050.jpg 2 38 331 300
002a_0051.jpg 15 3 386 294
002a_0052.jpg 11 20 375 265
002a_0053.jpg 36 47 357 313
002a_0054.jpg 26 18 375 299
002a_0055.jpg 50 54 304 200
002a_0056.jpg 6 67 189 234
002a_0056.jpg 207 64 189 237
002a_0057.jpg 1 1 400 225
002a_0058.jpg 30 84 334 222
002a_0059.jpg 49 27 342 185
002a_0060.jpg 39 52 246 204
002p_0001.jpg 38 33 176 175
002p_0002.jpg 12 37 207 102
002p_0003.jpg 101 67 243 162
002p_0004.jpg 65 11 336 253
002p_0005.jpg 22 51 322 185
002p_0006.jpg 16 29 179 135
002p_0007.jpg 51 39 251 199
002p_0008.jpg 2 44 238 272
002p_0009.jpg 29 25 166 146
002p_0010.jpg 75 2 100 291
002p_0011.jpg 16 25 197 130
002p_0012.jpg 7 12 266 167
002p_0013.jpg 23 34 213 141
002p_0014.jpg 55 46 142 95
002p_0015.jpg 37 23 159 145
002p_0016.jpg 51 50 135 89
002p_0017.jpg 30 37 195 170
002p_0018.jpg 51 57 157 117
002p_0019.jpg 98 49 100 147
002p_0020.jpg 40 15 211 246
002p_0021.jpg 20 25 128 168
002p_0022.jpg 7 13 369 239
002p_0023.jpg 24 45 236 139
002p_0024.jpg 1 1 341 300
002p_0025.jpg 129 64 171 125
002p_0026.jpg 85 43 116 81
002p_0027.jpg 1 41 400 260
002p_0028.jpg 109 27 155 237
002p_0029.jpg 73 62 284 156
002p_0030.jpg 47 57 265 296
002p_0031.jpg 186 24 201 222
002p_0032.jpg 134 77 194 190
002p_0033.jpg 195 60 152 91
002p_0034.jpg 95 27 229 233
002p_0035.jpg 32 31 136 173
002p_0036.jpg 98 42 262 182
002p_0037.jpg 74 211 236 170
002p_0038.jpg 3 16 275 178
002p_0039.jpg 159 3 215 229
002p_0040.jpg 81 127 106 131
002p_0041.jpg 200 134 201 313
002p_0042.jpg 222 2 179 185
002p_0043.jpg 72 3 171 120
002p_0044.jpg 63 34 163 134
002p_0045.jpg 16 31 197 122
002p_0046.jpg 8 15 200 230
002p_0047.jpg 1 1 246 176
002p_0048.jpg 68 22 163 115
002p_0049.jpg 4 38 249 129
002p_0050.jpg 81 1 132 132
002p_0051.jpg 180 56 87 78
002p_0052.jpg 9 1 267 277
002p_0053.jpg 70 68 252 189
002p_0054.jpg 126 105 121 67
002p_0055.jpg 48 52 151 108
002p_0056.jpg 55 23 244 212
002p_0057.jpg 10 12 391 244
002p_0058.jpg 118 38 224 117
002p_0059.jpg 55 38 309 186
002p_0060.jpg 104 42 215 151
