004a_0001.jpg 1 1 76 257
004a_0002.jpg 1 1 207 244
004a_0003.jpg 4 9 218 141
004a_0004.jpg 1 1 216 233
004a_0005.jpg 81 2 73 220
004a_0006.jpg 2 1 191 240
004a_0007.jpg 1 1 216 233
004a_0008.jpg 1 1 160 160
004a_0009.jpg 1 1 102 83
004a_0010.jpg 1 1 256 197
004a_0011.jpg 65 7 190 129
004a_0012.jpg 11 2 213 147
004a_0013.jpg 1 1 160 128
004a_0014.jpg 36 11 63 203
004a_0015.jpg 19 14 189 202
004a_0016.jpg 14 20 199 187
004a_0017.jpg 49 26 138 122
004a_0018.jpg 69 1 105 180
004a_0019.jpg 52 45 117 98
004a_0020.jpg 1 2 275 361
004a_0021.jpg 29 88 354 238
004a_0022.jpg 7 10 312 221
004a_0023.jpg 252 19 76 225
004a_0024.jpg 78 68 115 94
004a_0025.jpg 27 252 174 122
004a_0026.jpg 68 1 333 512
004a_0027.jpg 11 1 375 286
004a_0028.jpg 127 36 64 29
004a_0029.jpg 263 21 44 278
004a_0030.jpg 7 221 391 137
004a_0031.jpg 1 35 178 75
004a_0032.jpg 1 1 202 202
004a_0033.jpg 29 65 223 76
004a_0034.jpg 1 1 216 233
004a_0035.jpg 1 1 218 230
004a_0036.jpg 1 1 23 80
004a_0037.jpg 36 14 66 126
004a_0038.jpg 13 17 213 112
004a_0039.jpg 102 3 111 169
004a_0040.jpg 10 54 134 201
004a_0041.jpg 11 104 378 200
004a_0042.jpg 64 39 272 120
004a_0043.jpg 43 42 176 215
004a_0044.jpg 88 7 204 113
004a_0045.jpg 125 111 73 80
004a_0046.jpg 123 40 116 44
004a_0047.jpg 269 5 129 150
004a_0048.jpg 23 1 65 102
004a_0049.jpg 250 1 52 245
004a_0050.jpg 188 1 150 299
004a_0051.jpg 20 1 63 245
004a_0052.jpg 259 68 134 52
004p_0001.jpg 10 140 281 25
004p_0002.jpg 12 135 277 31
004p_0003.jpg 16 87 373 196
004p_0004.jpg 1 1 229 270
004p_0005.jpg 4 1 393 454
004p_0006.jpg 4 4 294 295
004p_0007.jpg 77 1 73 220
004p_0008.jpg 13 28 328 309
004p_0009.jpg 4 48 246 161
004p_0010.jpg 1 2 219 219
004p_0011.jpg 3 5 388 394
004p_0012.jpg 3 4 217 215
004p_0013.jpg 6 57 241 137
004p_0014.jpg 18 12 174 134
004p_0015.jpg 1 1 228 221
004p_0016.jpg 13 30 302 92
004p_0017.jpg 3 2 196 199
004p_0018.jpg 5 4 166 171
004p_0019.jpg 1 1 200 196
004p_0020.jpg 37 13 224 159
004p_0021.jpg 60 1 93 199
004p_0022.jpg 53 309 266 31
004p_0023.jpg 193 166 22 136
004p_0024.jpg 1 238 394 52
004p_0024.jpg 7 79 389 242
004p_0025.jpg 301 29 62 356
004p_0026.jpg 9 21 264 156
004p_0027.jpg 166 47 60 41
004p_0028.jpg 14 7 244 166
004p_0029.jpg 74 43 148 120
004p_0030.jpg 1 95 271 52
004p_0031.jpg 30 63 172 130
004p_0032.jpg 1 1 80 70
004p_0032.jpg 1 65 80 16
004p_0033.jpg 68 23 64 111
004p_0034.jpg 166 62 74 33
004p_0035.jpg 139 9 53 102
004p_0036.jpg 127 35 92 37
004p_0037.jpg 50 14 61 122
004p_0038.jpg 50 10 193 74
004p_0039.jpg 189 39 198 160
004p_0040.jpg 80 91 117 37
004p_0041.jpg 15 71 83 18
004p_0042.jpg 238 45 87 38
004p_0043.jpg 51 81 142 28
004p_0044.jpg 148 97 159 105
004p_0045.jpg 22 4 93 56
004p_0046.jpg 12 26 227 124
004p_0047.jpg 54 99 303 64
004p_0048.jpg 232 32 108 148
004p_0049.jpg 33 43 171 50
004p_0050.jpg 213 90 84 94
004p_0051.jpg 2 167 136 142
004p_0052.jpg 162 63 36 78
