010a_0001.jpg 78 142 204 223
010a_0002.jpg 32 157 334 509
010a_0003.jpg 42 52 241 305
010a_0004.jpg 90 60 235 296
010a_0005.jpg 70 145 253 278
010a_0006.jpg 34 55 353 465
010a_0007.jpg 45 20 167 167
010a_0008.jpg 11 17 204 219
010a_0009.jpg 10 15 172 265
010a_0010.jpg 22 17 165 209
010a_0011.jpg 2 27 183 248
010a_0012.jpg 11 11 188 244
010a_0013.jpg 49 39 135 158
010a_0014.jpg 59 38 129 156
010a_0015.jpg 2 21 217 210
010a_0016.jpg 15 10 184 202
010a_0017.jpg 94 22 103 173
010a_0018.jpg 33 39 272 312
010a_0019.jpg 4 21 394 469
010a_0020.jpg 43 35 90 101
010a_0021.jpg 95 135 196 228
010a_0022.jpg 102 85 240 236
010a_0023.jpg 133 112 180 189
010a_0024.jpg 75 78 234 256
010a_0025.jpg 32 45 121 215
010a_0026.jpg 125 164 242 283
010a_0027.jpg 96 130 243 293
010a_0028.jpg 71 82 259 257
010a_0029.jpg 99 104 188 219
010a_0030.jpg 46 22 311 377
010a_0031.jpg 93 60 234 327
010a_0032.jpg 106 111 212 269
010a_0033.jpg 26 49 369 364
010a_0034.jpg 10 41 391 467
010a_0035.jpg 69 96 235 228
010a_0036.jpg 2 17 123 154
010a_0037.jpg 12 36 125 135
010a_0038.jpg 93 166 253 279
010a_0039.jpg 22 21 168 205
010a_0040.jpg 59 23 117 209
010a_0041.jpg 4 70 191 190
010a_0042.jpg 31 163 69 77
010a_0042.jpg 107 165 71 73
010a_0043.jpg 10 58 184 202
010a_0044.jpg 101 86 79 99
010a_0045.jpg 16 42 144 193
010a_0046.jpg 105 120 215 203
010a_0047.jpg 20 23 123 128
010a_0048.jpg 6 62 175 199
010a_0048.jpg 209 44 188 202
010a_0049.jpg 85 127 265 380
010a_0050.jpg 27 14 91 98
010p_0001.jpg 1 1 199 248
010p_0002.jpg 1 1 234 289
010p_0003.jpg 15 19 143 167
010p_0004.jpg 37 12 157 193
010p_0005.jpg 5 29 182 214
010p_0006.jpg 33 38 107 121
010p_0007.jpg 16 23 110 138
010p_0008.jpg 14 5 168 192
010p_0009.jpg 16 35 376 484
010p_0010.jpg 22 10 181 213
010p_0011.jpg 31 3 196 214
010p_0012.jpg 50 9 159 214
010p_0013.jpg 8 1 196 243
010p_0014.jpg 48 23 148 184
010p_0015.jpg 31 13 177 214
010p_0016.jpg 30 34 166 192
010p_0017.jpg 15 17 199 215
010p_0018.jpg 53 13 141 188
010p_0019.jpg 13 5 211 212
010p_0020.jpg 20 38 253 280
010p_0021.jpg 11 42 187 221
010p_0021.jpg 122 8 143 204
010p_0022.jpg 2 66 108 110
010p_0022.jpg 49 5 105 148
010p_0023.jpg 7 135 339 454
010p_0024.jpg 38 114 356 470
010p_0025.jpg 165 324 222 236
010p_0026.jpg 91 61 280 362
010p_0027.jpg 22 36 231 255
010p_0028.jpg 60 29 270 331
010p_0029.jpg 29 66 347 374
010p_0030.jpg 113 71 212 282
010p_0031.jpg 68 42 131 179
010p_0031.jpg 195 9 141 181
010p_0032.jpg 148 9 162 217
010p_0032.jpg 1 42 104 184
010p_0032.jpg 86 25 107 197
010p_0032.jpg 223 27 92 199
010p_0032.jpg 298 28 103 198
010p_0033.jpg 9 146 315 402
010p_0034.jpg 39 43 343 394
010p_0035.jpg 88 130 112 112
010p_0035.jpg 220 108 118 128
010p_0035.jpg 144 58 76 177
010p_0036.jpg 114 50 167 188
010p_0037.jpg 65 59 288 308
010p_0038.jpg 38 32 215 268
010p_0039.jpg 46 19 165 201
010p_0040.jpg 19 21 160 168
010p_0041.jpg 8 24 181 226
010p_0042.jpg 22 26 155 247
010p_0043.jpg 52 78 331 368
010p_0044.jpg 5 23 189 243
010p_0044.jpg 192 28 207 285
010p_0045.jpg 26 41 369 388
010p_0046.jpg 56 40 244 259
