016a_0001.jpg 20 8 377 291
016a_0002.jpg 6 10 286 241
016a_0003.jpg 43 29 311 214
016a_0004.jpg 21 29 132 125
016a_0004.jpg 236 29 136 125
016a_0004.jpg 131 144 135 127
016a_0004.jpg 17 252 135 126
016a_0004.jpg 243 251 132 126
016a_0005.jpg 111 66 184 147
016a_0006.jpg 43 25 237 189
016a_0007.jpg 54 40 285 183
016a_0008.jpg 13 139 361 244
016a_0009.jpg 23 14 360 258
016a_0010.jpg 69 66 267 212
016a_0011.jpg 40 1 327 245
016a_0012.jpg 1 1 400 223
016a_0013.jpg 13 93 237 193
016a_0014.jpg 15 52 354 237
016a_0015.jpg 23 11 169 144
016a_0016.jpg 44 69 319 263
016a_0017.jpg 55 49 295 263
016a_0018.jpg 79 139 251 142
016a_0019.jpg 17 47 361 228
016a_0020.jpg 95 76 221 161
016a_0021.jpg 54 44 302 228
016a_0022.jpg 1 3 399 343
016a_0023.jpg 91 10 179 158
016a_0024.jpg 32 3 329 164
016a_0025.jpg 65 112 287 265
016a_0026.jpg 68 91 258 154
016a_0027.jpg 9 14 385 245
016a_0028.jpg 2 1 399 260
016a_0029.jpg 1 1 400 282
016a_0030.jpg 1 1 250 190
016a_0031.jpg 6 40 169 99
016a_0032.jpg 12 11 372 284
016a_0033.jpg 11 5 386 287
016a_0034.jpg 76 75 237 137
016a_0035.jpg 6 7 390 286
016a_0036.jpg 26 37 353 279
016a_0037.jpg 53 148 326 249
016a_0038.jpg 47 36 169 126
016a_0039.jpg 20 12 210 178
016a_0040.jpg 38 54 153 146
016a_0041.jpg 26 37 185 141
016a_0042.jpg 26 46 175 153
016a_0043.jpg 1 1 284 177
016a_0044.jpg 1 25 240 169
016a_0045.jpg 35 21 328 268
016a_0046.jpg 26 19 339 200
016a_0047.jpg 9 65 307 192
016a_0048.jpg 12 59 362 285
016a_0049.jpg 68 69 262 163
016a_0050.jpg 51 34 318 264
016p_0001.jpg 2 48 397 163
016p_0002.jpg 74 49 273 157
016p_0003.jpg 43 14 317 200
016p_0004.jpg 12 1 350 321
016p_0005.jpg 102 102 242 170
016p_0006.jpg 15 56 367 165
016p_0007.jpg 1 32 400 213
016p_0008.jpg 12 35 388 232
016p_0009.jpg 7 64 388 175
016p_0010.jpg 11 58 379 203
016p_0011.jpg 37 4 262 190
016p_0012.jpg 5 59 191 89
016p_0013.jpg 24 117 359 245
016p_0014.jpg 1 1 252 159
016p_0015.jpg 13 27 383 267
016p_0016.jpg 25 57 230 179
016p_0017.jpg 15 11 379 236
016p_0018.jpg 5 68 247 141
016p_0019.jpg 84 56 218 174
016p_0020.jpg 23 43 325 303
016p_0021.jpg 24 61 359 280
016p_0022.jpg 1 77 238 127
016p_0023.jpg 1 36 214 126
016p_0024.jpg 23 36 241 156
016p_0025.jpg 10 27 181 109
016p_0026.jpg 21 67 326 147
016p_0027.jpg 24 8 221 173
016p_0028.jpg 65 35 174 81
016p_0029.jpg 4 13 175 154
016p_0030.jpg 2 1 168 152
016p_0031.jpg 13 24 280 194
016p_0032.jpg 1 21 300 232
016p_0033.jpg 6 50 204 148
016p_0034.jpg 12 19 168 117
016p_0035.jpg 42 25 275 198
016p_0036.jpg 5 13 391 217
016p_0037.jpg 4 5 395 202
016p_0038.jpg 10 5 391 188
016p_0039.jpg 13 10 171 159
016p_0040.jpg 10 38 384 325
016p_0041.jpg 27 63 248 170
016p_0042.jpg 21 68 367 247
016p_0043.jpg 11 97 385 275
016p_0044.jpg 8 2 233 196
016p_0045.jpg 3 1 238 198
016p_0046.jpg 78 91 236 116
016p_0047.jpg 9 42 383 316
016p_0048.jpg 1 1 400 241
016p_0049.jpg 11 85 377 233
016p_0050.jpg 5 29 279 183
016p_0051.jpg 6 67 390 265
016p_0052.jpg 2 6 297 178
016p_0053.jpg 1 43 219 118
016p_0054.jpg 15 13 379 285
016p_0055.jpg 4 8 318 260
016p_0056.jpg 61 120 285 197
016p_0056.jpg 202 44 198 139
016p_0056.jpg 1 46 209 147
016p_0056.jpg 83 1 195 137
016p_0057.jpg 6 11 224 190
016p_0058.jpg 14 14 331 191
016p_0059.jpg 9 13 265 166
016p_0060.jpg 18 13 329 181
016p_0061.jpg 18 26 373 234
016p_0062.jpg 13 5 357 242
016p_0063.jpg 63 86 337 149
016p_0064.jpg 57 60 288 194
016p_0065.jpg 27 17 230 125
016p_0066.jpg 16 71 355 344
