024a_0001.jpg 11 78 382 378
024a_0002.jpg 9 1 206 177
024a_0003.jpg 59 134 284 178
024a_0004.jpg 1 1 399 334
024a_0005.jpg 26 30 355 253
024a_0006.jpg 69 54 258 218
024a_0007.jpg 1 41 400 271
024a_0008.jpg 31 60 301 342
024a_0009.jpg 139 81 116 98
024a_0010.jpg 20 24 168 177
024a_0011.jpg 1 19 321 194
024a_0012.jpg 234 3 150 150
024a_0013.jpg 18 28 297 232
024a_0014.jpg 24 37 354 277
024a_0015.jpg 2 40 239 242
024a_0016.jpg 1 1 215 248
024a_0017.jpg 1 1 340 211
024a_0018.jpg 46 43 313 227
024a_0019.jpg 5 57 391 265
024a_0020.jpg 1 7 300 241
024a_0021.jpg 122 37 164 126
024a_0022.jpg 1 1 400 330
024a_0023.jpg 15 27 214 146
024a_0024.jpg 49 61 305 289
024a_0025.jpg 16 13 373 259
024a_0026.jpg 1 1 399 410
024a_0027.jpg 2 18 299 280
024a_0028.jpg 63 26 225 216
024a_0029.jpg 34 82 333 255
024a_0030.jpg 10 14 377 253
024a_0031.jpg 48 59 223 166
024a_0032.jpg 40 32 145 105
024a_0033.jpg 50 19 189 145
024a_0034.jpg 5 42 271 133
024a_0035.jpg 34 16 193 166
024a_0036.jpg 10 5 203 215
024a_0037.jpg 12 29 213 159
024a_0038.jpg 5 14 231 197
024a_0039.jpg 1 1 212 237
024a_0040.jpg 11 20 212 154
024a_0041.jpg 1 1 268 188
024a_0042.jpg 95 18 136 134
024a_0043.jpg 34 14 175 169
024a_0044.jpg 17 42 354 246
024a_0045.jpg 47 45 165 176
024a_0045.jpg 226 23 129 160
024a_0046.jpg 75 121 281 186
024a_0047.jpg 159 38 145 175
024a_0048.jpg 12 35 379 333
024a_0049.jpg 1 60 320 208
024a_0050.jpg 12 8 298 231
024a_0051.jpg 19 28 370 202
024a_0052.jpg 1 29 272 138
024p_0001.jpg 143 4 207 165
024p_0002.jpg 8 7 182 143
024p_0003.jpg 13 1 369 391
024p_0004.jpg 12 4 383 369
024p_0005.jpg 91 6 199 216
024p_0006.jpg 29 41 338 247
024p_0007.jpg 107 105 175 105
024p_0008.jpg 87 51 226 166
024p_0009.jpg 89 77 177 162
024p_0010.jpg 70 86 235 184
024p_0011.jpg 118 82 175 124
024p_0012.jpg 119 61 199 492
024p_0013.jpg 13 37 343 220
024p_0014.jpg 69 29 147 152
024p_0015.jpg 66 29 159 131
024p_0016.jpg 36 44 188 119
024p_0017.jpg 8 30 260 136
024p_0018.jpg 63 4 184 146
024p_0019.jpg 16 7 195 174
024p_0020.jpg 51 3 153 185
024p_0021.jpg 33 23 200 147
024p_0022.jpg 52 15 189 160
024p_0023.jpg 17 17 216 168
024p_0024.jpg 35 39 181 150
024p_0025.jpg 19 2 277 161
024p_0026.jpg 42 29 189 158
024p_0027.jpg 47 14 170 149
024p_0028.jpg 5 70 219 110
024p_0029.jpg 33 11 131 120
024p_0030.jpg 26 16 202 150
024p_0031.jpg 2 46 222 148
024p_0032.jpg 108 34 147 110
024p_0033.jpg 51 12 142 139
024p_0034.jpg 34 15 197 164
024p_0035.jpg 68 30 149 146
024p_0036.jpg 9 52 249 133
024p_0037.jpg 27 23 138 111
024p_0038.jpg 44 28 196 143
024p_0039.jpg 84 27 130 130
024p_0040.jpg 38 35 171 105
024p_0041.jpg 3 60 246 115
024p_0042.jpg 45 30 294 196
024p_0043.jpg 73 44 245 200
024p_0044.jpg 113 34 209 181
024p_0045.jpg 17 85 378 167
024p_0046.jpg 72 67 188 143
024p_0047.jpg 44 12 302 213
024p_0048.jpg 41 60 314 171
024p_0049.jpg 97 40 233 192
024p_0050.jpg 93 9 261 211
024p_0051.jpg 44 14 315 222
024p_0052.jpg 33 2 327 173
