028a_0001.jpg 32 24 275 205
028a_0002.jpg 93 49 258 234
028a_0003.jpg 78 108 152 106
028a_0004.jpg 3 84 275 177
028a_0005.jpg 33 5 345 391
028a_0006.jpg 54 16 276 271
028a_0007.jpg 14 109 290 178
028a_0008.jpg 42 40 59 168
028a_0008.jpg 158 54 130 154
028a_0008.jpg 317 60 84 183
028a_0009.jpg 25 1 143 124
028a_0010.jpg 88 225 253 233
028a_0011.jpg 6 5 265 290
028a_0012.jpg 1 1 400 333
028a_0013.jpg 37 155 364 204
028a_0014.jpg 40 17 333 270
028a_0015.jpg 37 60 265 142
028a_0016.jpg 2 2 396 314
028a_0017.jpg 54 62 201 211
028a_0018.jpg 38 65 340 299
028a_0019.jpg 29 252 235 263
028a_0020.jpg 3 1 394 424
028a_0021.jpg 1 1 400 368
028a_0022.jpg 1 1 400 428
028a_0023.jpg 80 59 226 208
028a_0024.jpg 26 98 319 353
028a_0025.jpg 69 111 270 263
028a_0026.jpg 39 44 320 278
028a_0027.jpg 71 101 184 137
028a_0028.jpg 67 87 278 222
028a_0029.jpg 1 1 179 243
028a_0030.jpg 1 1 291 173
028a_0031.jpg 1 1 296 308
028a_0032.jpg 1 1 398 326
028a_0033.jpg 69 56 268 252
028a_0034.jpg 58 11 229 247
028a_0035.jpg 92 272 262 256
028a_0036.jpg 1 28 355 363
028a_0037.jpg 15 10 380 359
028a_0038.jpg 5 1 381 346
028a_0039.jpg 1 1 379 605
028a_0040.jpg 42 56 281 326
028a_0041.jpg 23 49 325 475
028a_0042.jpg 85 242 215 193
028a_0043.jpg 40 19 335 269
028a_0044.jpg 30 100 101 95
028a_0044.jpg 154 98 75 85
028a_0045.jpg 116 117 276 309
028a_0046.jpg 86 143 92 99
028a_0046.jpg 176 190 68 51
028a_0047.jpg 120 91 201 218
028a_0048.jpg 25 36 334 346
028a_0049.jpg 41 106 286 302
028a_0050.jpg 70 72 270 336
028a_0051.jpg 44 17 114 134
028a_0051.jpg 168 37 110 97
028a_0052.jpg 65 23 146 168
028a_0053.jpg 16 5 185 195
028a_0054.jpg 45 59 144 99
028a_0055.jpg 1 1 219 226
028a_0056.jpg 86 24 112 197
028a_0057.jpg 157 64 172 272
028a_0058.jpg 53 150 234 398
028a_0059.jpg 1 1 261 320
028a_0060.jpg 5 17 378 308
028p_0001.jpg 27 219 343 321
028p_0002.jpg 65 49 187 128
028p_0003.jpg 9 9 236 260
028p_0004.jpg 24 3 159 148
028p_0005.jpg 92 51 201 181
028p_0006.jpg 9 13 384 326
028p_0007.jpg 39 15 317 300
028p_0008.jpg 6 2 191 151
028p_0009.jpg 36 8 310 286
028p_0010.jpg 47 47 280 250
028p_0011.jpg 7 6 384 292
028p_0012.jpg 85 112 158 147
028p_0012.jpg 54 83 234 176
028p_0013.jpg 30 17 265 236
028p_0014.jpg 144 118 38 45
028p_0014.jpg 193 117 51 51
028p_0014.jpg 253 115 69 64
028p_0014.jpg 314 107 81 85
028p_0015.jpg 78 64 259 219
028p_0016.jpg 45 154 231 145
028p_0017.jpg 115 117 127 105
028p_0018.jpg 1 45 353 221
028p_0019.jpg 88 143 155 125
028p_0020.jpg 203 151 145 117
028p_0021.jpg 21 110 216 136
028p_0022.jpg 30 175 324 260
028p_0023.jpg 110 66 188 217
028p_0024.jpg 56 64 254 203
028p_0025.jpg 23 10 280 254
028p_0026.jpg 13 12 260 173
028p_0027.jpg 4 24 372 317
028p_0028.jpg 78 44 269 216
028p_0029.jpg 28 106 270 193
028p_0030.jpg 20 43 314 251
028p_0031.jpg 30 40 237 226
028p_0032.jpg 15 15 207 150
028p_0033.jpg 63 62 283 214
028p_0034.jpg 67 93 178 118
028p_0035.jpg 135 100 189 161
028p_0036.jpg 27 11 349 290
028p_0037.jpg 31 41 326 271
028p_0038.jpg 107 29 188 287
028p_0039.jpg 57 57 282 232
028p_0040.jpg 23 23 369 255
028p_0041.jpg 57 132 263 183
028p_0042.jpg 9 59 290 202
028p_0043.jpg 85 30 248 222
028p_0044.jpg 10 16 384 288
028p_0045.jpg 3 1 398 314
028p_0046.jpg 26 84 333 389
028p_0047.jpg 90 31 189 209
028p_0048.jpg 47 16 208 161
028p_0049.jpg 29 35 178 174
028p_0050.jpg 9 26 206 179
