050a_0001.jpg 8 3 170 184
050a_0002.jpg 6 3 185 190
050a_0003.jpg 2 2 261 186
050a_0004.jpg 68 1 205 171
050a_0005.jpg 13 2 225 192
050a_0006.jpg 16 1 194 225
050a_0007.jpg 3 8 205 130
050a_0008.jpg 38 1 198 191
050a_0009.jpg 21 11 173 176
050a_0010.jpg 1 2 190 153
050a_0011.jpg 3 1 145 184
050a_0012.jpg 1 2 304 234
050a_0013.jpg 25 2 344 298
050a_0014.jpg 17 1 351 297
050a_0015.jpg 223 118 158 72
050a_0016.jpg 114 56 287 235
050a_0017.jpg 90 1 308 306
050a_0018.jpg 63 42 279 178
050a_0019.jpg 94 21 252 232
050a_0020.jpg 1 1 186 231
050a_0021.jpg 161 5 227 231
050a_0022.jpg 66 80 185 177
050a_0023.jpg 1 10 134 114
050a_0024.jpg 146 85 161 104
050a_0025.jpg 1 1 284 242
050a_0026.jpg 53 32 230 196
050a_0027.jpg 27 10 303 306
050a_0028.jpg 3 5 162 152
050a_0029.jpg 92 39 253 212
050a_0030.jpg 31 42 191 132
050a_0031.jpg 93 23 139 152
050a_0032.jpg 5 19 239 157
050a_0033.jpg 83 104 94 74
050a_0034.jpg 3 5 218 207
050a_0035.jpg 29 1 187 210
050a_0036.jpg 83 54 124 128
050a_0037.jpg 89 59 165 115
050a_0038.jpg 3 52 189 136
050a_0039.jpg 9 11 209 131
050a_0040.jpg 155 84 154 106
050a_0041.jpg 73 58 284 266
050a_0042.jpg 108 47 235 261
050a_0043.jpg 53 46 132 158
050a_0044.jpg 110 36 264 225
050a_0045.jpg 55 32 75 67
050a_0046.jpg 63 16 65 73
050a_0047.jpg 181 6 220 209
050a_0048.jpg 9 61 377 276
050a_0049.jpg 1 1 380 315
050a_0050.jpg 2 1 169 157
050p_0001.jpg 24 8 353 293
050p_0002.jpg 58 2 342 301
050p_0003.jpg 6 1 124 99
050p_0004.jpg 11 5 235 216
050p_0005.jpg 6 11 142 127
050p_0006.jpg 1 2 204 192
050p_0007.jpg 41 9 198 171
050p_0008.jpg 7 3 216 223
050p_0009.jpg 9 14 215 185
050p_0010.jpg 11 25 195 180
050p_0011.jpg 5 16 203 189
050p_0012.jpg 29 32 180 139
050p_0013.jpg 1 1 217 141
050p_0014.jpg 19 23 217 144
050p_0015.jpg 59 5 200 185
050p_0016.jpg 12 9 223 179
050p_0017.jpg 4 17 213 190
050p_0018.jpg 52 31 172 166
050p_0019.jpg 184 59 201 179
050p_0020.jpg 60 54 201 200
050p_0021.jpg 128 39 253 236
050p_0022.jpg 147 102 117 89
050p_0023.jpg 53 12 285 261
050p_0024.jpg 105 26 245 241
050p_0025.jpg 41 19 166 165
050p_0026.jpg 57 1 314 369
050p_0027.jpg 71 98 159 121
050p_0028.jpg 8 51 215 179
050p_0029.jpg 82 64 195 177
050p_0030.jpg 49 25 304 269
050p_0031.jpg 81 65 197 179
050p_0032.jpg 2 72 399 522
050p_0033.jpg 110 9 183 181
050p_0034.jpg 23 28 265 238
050p_0035.jpg 85 31 178 163
050p_0036.jpg 52 12 246 270
050p_0037.jpg 122 34 219 225
050p_0038.jpg 141 24 234 277
050p_0039.jpg 1 132 194 169
050p_0040.jpg 29 2 320 274
050p_0041.jpg 157 39 213 176
050p_0041.jpg 30 71 88 104
050p_0042.jpg 1 20 270 256
050p_0042.jpg 228 72 164 112
050p_0043.jpg 42 6 187 164
050p_0044.jpg 22 12 73 65
050p_0045.jpg 1 1 151 200
050p_0046.jpg 51 38 132 122
050p_0047.jpg 76 34 146 140
050p_0048.jpg 95 20 117 137
050p_0049.jpg 72 46 150 102
050p_0050.jpg 86 9 302 284
050p_0051.jpg 56 279 303 305
050p_0052.jpg 46 34 311 243
050p_0053.jpg 6 5 369 316
050p_0054.jpg 6 27 384 337
