052a_0001.jpg 11 15 382 374
052a_0002.jpg 70 11 279 257
052a_0003.jpg 12 9 376 268
052a_0004.jpg 21 4 346 314
052a_0005.jpg 56 31 293 235
052a_0006.jpg 2 3 299 236
052a_0007.jpg 61 62 292 179
052a_0008.jpg 5 61 389 255
052a_0009.jpg 23 32 345 303
052a_0010.jpg 15 53 370 298
052a_0011.jpg 26 23 329 259
052a_0012.jpg 65 53 195 192
052a_0013.jpg 48 46 322 244
052a_0014.jpg 8 102 330 232
052a_0015.jpg 91 67 211 135
052a_0016.jpg 55 130 305 179
052a_0017.jpg 37 53 286 229
052a_0018.jpg 9 4 385 275
052a_0019.jpg 1 2 300 197
052a_0020.jpg 10 10 223 159
052a_0021.jpg 1 1 400 330
052a_0022.jpg 31 27 215 132
052a_0023.jpg 6 8 122 101
052a_0023.jpg 138 10 64 71
052a_0023.jpg 135 87 73 56
052a_0023.jpg 18 176 69 54
052a_0023.jpg 98 152 98 86
052a_0024.jpg 46 43 115 121
052a_0025.jpg 46 20 299 273
052a_0026.jpg 1 36 170 135
052a_0027.jpg 26 65 155 143
052a_0028.jpg 14 10 163 177
052a_0029.jpg 1 1 400 284
052a_0030.jpg 1 1 300 217
052a_0031.jpg 49 115 293 233
052a_0032.jpg 25 78 354 153
052a_0033.jpg 43 16 295 258
052a_0034.jpg 1 1 307 176
052a_0035.jpg 4 50 292 200
052a_0036.jpg 2 1 174 99
052a_0037.jpg 40 40 171 123
052a_0038.jpg 43 61 331 271
052a_0039.jpg 1 1 280 180
052a_0040.jpg 41 36 198 152
052a_0041.jpg 37 38 192 116
052a_0042.jpg 33 12 214 172
052a_0043.jpg 10 39 165 149
052a_0044.jpg 46 53 329 240
052a_0045.jpg 32 33 361 226
052a_0046.jpg 49 46 310 240
052a_0047.jpg 67 81 272 246
052a_0048.jpg 16 33 376 260
052a_0049.jpg 86 83 194 208
052a_0050.jpg 1 1 400 371
052a_0051.jpg 45 20 319 283
052a_0052.jpg 83 79 311 205
052a_0053.jpg 24 1 367 264
052a_0054.jpg 9 9 387 307
052p_0001.jpg 30 16 266 219
052p_0002.jpg 1 14 400 254
052p_0003.jpg 50 25 322 208
052p_0004.jpg 4 11 397 257
052p_0005.jpg 13 44 317 148
052p_0006.jpg 77 21 261 324
052p_0007.jpg 84 92 172 73
052p_0008.jpg 17 9 274 193
052p_0009.jpg 61 64 268 138
052p_0010.jpg 8 11 275 194
052p_0011.jpg 29 58 321 153
052p_0012.jpg 1 7 308 228
052p_0013.jpg 4 1 295 139
052p_0014.jpg 4 4 217 145
052p_0015.jpg 17 33 356 159
052p_0016.jpg 55 33 291 192
052p_0017.jpg 1 1 248 176
052p_0018.jpg 37 30 274 186
052p_0019.jpg 71 1 247 227
052p_0020.jpg 8 1 172 132
052p_0021.jpg 23 29 216 186
052p_0022.jpg 35 45 247 117
052p_0023.jpg 6 43 295 228
052p_0024.jpg 30 45 225 150
052p_0025.jpg 19 22 274 235
052p_0026.jpg 9 14 284 247
052p_0027.jpg 6 3 288 192
052p_0028.jpg 65 11 204 205
052p_0029.jpg 6 57 232 225
052p_0030.jpg 4 8 292 204
052p_0031.jpg 5 1 288 249
052p_0032.jpg 10 30 257 142
052p_0033.jpg 21 21 267 182
052p_0034.jpg 34 7 236 164
052p_0035.jpg 19 36 282 162
052p_0036.jpg 66 17 222 149
052p_0037.jpg 71 13 214 132
052p_0038.jpg 6 11 289 172
052p_0039.jpg 3 3 395 293
052p_0040.jpg 39 16 297 253
052p_0041.jpg 16 37 218 133
052p_0042.jpg 1 2 268 185
052p_0043.jpg 1 16 259 152
052p_0044.jpg 1 3 242 197
052p_0045.jpg 1 2 266 187
052p_0046.jpg 32 28 209 142
052p_0047.jpg 35 4 195 146
052p_0048.jpg 10 2 389 265
052p_0049.jpg 6 16 384 296
052p_0050.jpg 45 29 315 218
