053a_0001.jpg 4 5 196 238
053a_0002.jpg 1 1 196 257
053a_0003.jpg 1 1 100 136
053a_0004.jpg 1 1 400 534
053a_0005.jpg 31 18 324 396
053a_0006.jpg 39 1 125 168
053a_0007.jpg 9 1 140 167
053a_0008.jpg 1 1 400 582
053a_0009.jpg 59 38 293 400
053a_0010.jpg 58 33 225 321
053a_0011.jpg 93 11 244 383
053a_0012.jpg 1 1 169 225
053a_0013.jpg 35 26 350 426
053a_0014.jpg 20 1 375 637
053a_0015.jpg 96 3 213 297
053a_0016.jpg 93 1 217 299
053a_0017.jpg 70 12 283 375
053a_0018.jpg 147 2 110 132
053a_0019.jpg 143 82 225 284
053a_0020.jpg 38 54 330 377
053a_0021.jpg 38 146 322 337
053a_0022.jpg 18 1 194 225
053a_0023.jpg 1 1 198 255
053a_0024.jpg 1 1 198 253
053a_0025.jpg 34 14 147 195
053a_0026.jpg 9 1 157 235
053a_0027.jpg 1 1 188 268
053a_0028.jpg 1 3 185 270
053a_0029.jpg 9 1 190 254
053a_0030.jpg 1 1 186 271
053a_0031.jpg 1 1 203 248
053a_0032.jpg 41 12 118 173
053a_0033.jpg 84 2 139 200
053a_0034.jpg 64 35 126 160
053a_0035.jpg 48 4 143 222
053a_0036.jpg 37 1 249 300
053a_0037.jpg 51 29 242 258
053a_0038.jpg 7 1 117 132
053a_0039.jpg 27 6 79 119
053a_0040.jpg 69 7 61 85
053a_0041.jpg 70 9 58 78
053a_0042.jpg 27 3 76 121
053a_0043.jpg 6 1 119 131
053a_0044.jpg 24 1 85 110
053a_0045.jpg 1 13 63 73
053a_0046.jpg 6 1 117 130
053a_0047.jpg 8 1 114 131
053a_0048.jpg 10 2 109 125
053a_0049.jpg 18 1 97 128
053a_0050.jpg 1 1 396 513
053p_0001.jpg 54 38 299 511
053p_0002.jpg 34 37 334 419
053p_0003.jpg 69 5 163 294
053p_0004.jpg 3 2 147 190
053p_0005.jpg 8 5 389 536
053p_0006.jpg 28 11 98 132
053p_0007.jpg 26 13 187 265
053p_0008.jpg 13 16 177 283
053p_0009.jpg 9 2 152 206
053p_0010.jpg 36 10 333 546
053p_0011.jpg 21 4 177 242
053p_0012.jpg 23 7 164 196
053p_0013.jpg 21 7 157 195
053p_0014.jpg 53 5 347 470
053p_0015.jpg 23 17 158 230
053p_0016.jpg 20 8 113 138
053p_0017.jpg 11 12 192 237
053p_0018.jpg 8 5 197 246
053p_0019.jpg 2 2 110 146
053p_0020.jpg 23 19 160 216
053p_0021.jpg 51 14 233 292
053p_0022.jpg 53 5 198 292
053p_0023.jpg 69 27 207 253
053p_0024.jpg 54 21 215 283
053p_0025.jpg 68 27 205 253
053p_0026.jpg 106 30 174 254
053p_0027.jpg 6 6 395 542
053p_0028.jpg 91 29 250 446
053p_0029.jpg 63 6 276 395
053p_0030.jpg 51 28 297 411
053p_0031.jpg 48 2 323 432
053p_0032.jpg 60 3 291 398
053p_0033.jpg 35 3 223 298
053p_0034.jpg 106 4 206 396
053p_0035.jpg 50 12 133 207
053p_0036.jpg 1 1 194 259
053p_0037.jpg 35 13 166 201
053p_0038.jpg 9 8 199 226
053p_0039.jpg 41 9 147 210
053p_0040.jpg 11 11 182 240
053p_0041.jpg 36 12 157 206
053p_0042.jpg 14 34 159 215
053p_0043.jpg 63 18 113 163
053p_0044.jpg 27 9 163 213
053p_0045.jpg 20 28 157 218
053p_0046.jpg 22 14 143 182
053p_0047.jpg 49 6 136 217
053p_0048.jpg 29 2 148 209
053p_0049.jpg 13 1 192 246
053p_0050.jpg 33 7 150 212
053p_0051.jpg 18 18 367 541
053p_0052.jpg 29 53 340 496
053p_0053.jpg 6 5 316 396
053p_0054.jpg 25 21 351 469
