062a_0001.jpg 43 113 258 459
062a_0002.jpg 131 24 150 372
062a_0003.jpg 112 44 181 407
062a_0004.jpg 97 20 171 349
062a_0005.jpg 41 44 121 307
062a_0006.jpg 39 57 348 661
062a_0007.jpg 71 38 265 361
062a_0008.jpg 35 60 277 545
062a_0009.jpg 17 13 212 520
062a_0010.jpg 105 2 212 389
062a_0011.jpg 63 58 268 507
062a_0012.jpg 213 71 143 308
062a_0013.jpg 77 33 271 460
062a_0014.jpg 105 100 170 358
062a_0015.jpg 101 1 164 292
062a_0016.jpg 68 42 250 387
062a_0017.jpg 42 51 307 547
062a_0018.jpg 139 21 141 194
062a_0019.jpg 78 11 97 178
062a_0020.jpg 95 6 177 390
062a_0021.jpg 18 16 362 609
062a_0022.jpg 102 71 199 439
062a_0023.jpg 67 75 259 424
062a_0024.jpg 11 1 209 367
062a_0025.jpg 27 17 269 469
062a_0026.jpg 24 1 363 604
062a_0027.jpg 171 36 79 238
062a_0028.jpg 17 2 323 598
062a_0029.jpg 30 3 213 344
062a_0030.jpg 177 57 103 233
062a_0031.jpg 89 29 218 506
062a_0032.jpg 10 12 376 885
062a_0033.jpg 116 2 219 410
062a_0034.jpg 93 19 281 425
062a_0035.jpg 34 2 133 238
062a_0036.jpg 43 13 115 227
062a_0037.jpg 64 10 76 179
062a_0038.jpg 45 16 115 200
062a_0039.jpg 17 31 101 184
062a_0040.jpg 58 8 131 215
062a_0041.jpg 81 53 70 153
062a_0042.jpg 42 15 112 228
062a_0043.jpg 51 47 97 197
062a_0044.jpg 54 12 115 208
062a_0045.jpg 107 20 67 114
062a_0046.jpg 117 10 170 390
062a_0047.jpg 110 26 218 471
062a_0048.jpg 95 46 212 443
062a_0049.jpg 5 54 396 479
062a_0050.jpg 123 57 140 185
062p_0001.jpg 117 4 172 371
062p_0002.jpg 64 36 141 330
062p_0003.jpg 26 31 144 332
062p_0004.jpg 5 25 158 278
062p_0005.jpg 93 82 239 499
062p_0006.jpg 60 10 86 182
062p_0007.jpg 5 4 203 245
062p_0008.jpg 98 36 218 432
062p_0009.jpg 132 64 134 304
062p_0010.jpg 53 49 248 402
062p_0011.jpg 34 36 322 524
062p_0012.jpg 150 34 125 297
062p_0013.jpg 89 44 155 356
062p_0014.jpg 38 24 61 176
062p_0015.jpg 5 36 396 572
062p_0016.jpg 36 8 128 214
062p_0017.jpg 95 44 70 155
062p_0018.jpg 22 29 99 224
062p_0019.jpg 128 226 59 111
062p_0020.jpg 203 47 51 127
062p_0021.jpg 54 22 170 310
062p_0022.jpg 13 18 102 264
062p_0023.jpg 149 17 77 167
062p_0024.jpg 60 36 198 261
062p_0025.jpg 150 59 74 181
062p_0026.jpg 4 29 229 417
062p_0027.jpg 63 22 156 305
062p_0028.jpg 39 2 124 247
062p_0029.jpg 31 7 168 358
062p_0030.jpg 34 1 104 242
062p_0031.jpg 64 9 106 210
062p_0032.jpg 258 35 89 178
062p_0033.jpg 60 34 82 205
062p_0034.jpg 68 10 258 460
062p_0035.jpg 23 4 205 200
062p_0036.jpg 26 24 134 192
062p_0037.jpg 123 19 159 324
062p_0038.jpg 50 29 65 133
062p_0039.jpg 76 17 252 405
062p_0040.jpg 67 32 126 207
062p_0041.jpg 23 19 166 322
062p_0042.jpg 30 9 117 217
062p_0043.jpg 102 90 203 390
062p_0044.jpg 113 81 208 415
062p_0045.jpg 159 41 72 169
062p_0046.jpg 181 80 62 133
062p_0047.jpg 107 15 196 466
062p_0048.jpg 145 18 133 254
062p_0049.jpg 122 44 188 452
062p_0050.jpg 36 30 325 550
