064a_0001.jpg 80 1 321 242
064a_0002.jpg 29 22 251 173
064a_0003.jpg 10 8 346 256
064a_0004.jpg 1 6 400 284
064a_0005.jpg 17 68 250 295
064a_0006.jpg 1 2 350 284
064a_0007.jpg 15 58 338 228
064a_0008.jpg 5 2 392 258
064a_0009.jpg 26 19 341 294
064a_0010.jpg 1 1 362 338
064a_0011.jpg 30 81 334 237
064a_0012.jpg 24 2 375 254
064a_0013.jpg 25 22 354 255
064a_0014.jpg 1 4 383 297
064a_0015.jpg 41 29 279 203
064a_0016.jpg 1 1 400 291
064a_0017.jpg 53 69 177 138
064a_0018.jpg 2 1 399 267
064a_0019.jpg 7 35 394 243
064a_0020.jpg 42 29 316 247
064a_0021.jpg 1 1 400 285
064a_0022.jpg 1 1 400 321
064a_0023.jpg 1 1 400 300
064a_0024.jpg 3 1 398 339
064a_0025.jpg 18 37 377 284
064a_0026.jpg 52 142 304 190
064a_0027.jpg 64 24 271 193
064a_0028.jpg 10 4 291 215
064a_0029.jpg 26 50 306 227
064a_0030.jpg 39 153 260 237
064a_0031.jpg 1 3 400 327
064a_0032.jpg 1 74 395 223
064a_0033.jpg 75 41 304 244
064a_0034.jpg 87 79 217 151
064a_0035.jpg 78 32 248 224
064a_0036.jpg 58 5 305 271
064a_0037.jpg 3 8 394 326
064a_0038.jpg 6 3 355 288
064a_0039.jpg 36 16 361 235
064a_0040.jpg 26 70 253 186
064a_0040.jpg 256 172 121 82
064a_0041.jpg 4 29 395 335
064a_0042.jpg 12 8 362 274
064a_0043.jpg 1 14 330 234
064a_0044.jpg 4 8 392 280
064a_0045.jpg 7 20 360 322
064a_0046.jpg 14 6 382 270
064a_0047.jpg 9 22 361 319
064a_0048.jpg 15 18 382 259
064a_0049.jpg 13 16 372 239
064a_0050.jpg 6 61 367 254
064a_0051.jpg 19 29 293 242
064a_0052.jpg 80 21 277 226
064a_0053.jpg 1 9 247 171
064a_0054.jpg 7 3 240 186
064a_0055.jpg 1 38 299 227
064a_0056.jpg 27 19 337 259
064a_0057.jpg 55 47 286 220
064a_0058.jpg 1 53 296 203
064a_0059.jpg 94 67 261 215
064a_0059.jpg 192 197 108 82
064a_0060.jpg 16 7 332 222
064a_0061.jpg 42 62 316 255
064a_0062.jpg 10 6 391 296
064a_0063.jpg 1 1 363 283
064a_0064.jpg 6 1 388 300
064a_0065.jpg 67 47 274 196
064a_0066.jpg 51 34 302 239
064a_0067.jpg 35 72 331 256
064a_0068.jpg 17 46 356 259
064p_0001.jpg 46 29 194 156
064p_0002.jpg 45 48 187 133
064p_0003.jpg 4 1 223 183
064p_0004.jpg 2 1 237 210
064p_0005.jpg 7 12 224 162
064p_0006.jpg 8 99 79 68
064p_0006.jpg 71 4 219 162
064p_0007.jpg 17 28 229 142
064p_0008.jpg 29 37 191 134
064p_0009.jpg 28 29 184 140
064p_0010.jpg 25 20 200 187
064p_0011.jpg 33 40 175 115
064p_0012.jpg 1 1 230 217
064p_0013.jpg 11 28 212 154
064p_0014.jpg 7 12 237 184
064p_0015.jpg 8 22 215 175
064p_0016.jpg 40 15 170 185
064p_0017.jpg 11 1 243 191
064p_0018.jpg 126 19 274 218
064p_0019.jpg 90 21 238 216
064p_0020.jpg 21 11 342 266
064p_0021.jpg 136 107 201 163
064p_0022.jpg 46 21 323 239
064p_0023.jpg 28 16 298 228
064p_0024.jpg 33 5 345 281
064p_0025.jpg 38 34 322 255
064p_0026.jpg 42 45 284 220
064p_0027.jpg 48 52 257 221
064p_0028.jpg 35 89 328 257
064p_0029.jpg 88 34 298 223
064p_0030.jpg 1 39 331 206
064p_0031.jpg 43 58 291 206
064p_0032.jpg 9 16 368 260
064p_0033.jpg 136 45 236 165
064p_0034.jpg 33 20 286 218
064p_0035.jpg 74 39 293 254
064p_0036.jpg 99 23 216 274
064p_0037.jpg 22 83 280 182
064p_0038.jpg 30 14 293 215
064p_0039.jpg 74 55 279 175
064p_0040.jpg 53 59 283 214
064p_0041.jpg 53 56 231 157
064p_0041.jpg 301 150 86 61
064p_0042.jpg 1 1 332 264
064p_0043.jpg 23 12 340 270
064p_0044.jpg 87 36 296 219
064p_0045.jpg 121 71 215 186
064p_0046.jpg 26 22 208 169
064p_0047.jpg 34 12 367 304
064p_0048.jpg 34 35 279 214
064p_0049.jpg 24 28 315 215
064p_0050.jpg 74 4 279 231
064p_0051.jpg 45 83 259 230
064p_0052.jpg 27 14 348 385
