078a_0001.jpg 80 41 142 136
078a_0002.jpg 1 71 292 99
078a_0002.jpg 34 1 244 77
078a_0003.jpg 18 24 179 170
078a_0004.jpg 29 1 168 175
078a_0005.jpg 18 8 150 136
078a_0006.jpg 41 27 181 143
078a_0007.jpg 55 38 181 137
078a_0008.jpg 68 38 125 75
078a_0009.jpg 1 1 247 201
078a_0010.jpg 41 55 137 108
078a_0011.jpg 1 1 400 300
078a_0012.jpg 43 22 183 149
078a_0013.jpg 1 1 264 172
078a_0014.jpg 8 4 131 109
078a_0015.jpg 13 17 235 109
078a_0016.jpg 1 12 225 193
078a_0017.jpg 1 1 254 198
078a_0018.jpg 10 38 242 132
078a_0019.jpg 5 47 218 126
078a_0020.jpg 17 22 257 244
078a_0021.jpg 29 159 269 352
078a_0021.jpg 153 26 223 191
078a_0022.jpg 3 7 164 159
078a_0023.jpg 41 98 320 152
078a_0024.jpg 51 13 242 173
078a_0025.jpg 34 156 220 89
078a_0026.jpg 1 1 400 321
078a_0027.jpg 3 141 272 279
078a_0027.jpg 1 1 250 261
078a_0027.jpg 152 56 249 282
078a_0028.jpg 20 49 330 345
078a_0029.jpg 41 68 193 183
078a_0030.jpg 70 34 270 313
078a_0031.jpg 1 1 297 240
078a_0032.jpg 35 7 172 149
078a_0033.jpg 20 28 164 113
078a_0034.jpg 25 55 171 158
078a_0035.jpg 3 28 253 200
078a_0036.jpg 129 100 171 138
078a_0037.jpg 1 120 400 210
078a_0038.jpg 25 71 156 165
078a_0038.jpg 182 109 178 173
078a_0039.jpg 83 98 313 171
078a_0040.jpg 1 1 254 198
078a_0041.jpg 1 3 251 199
078a_0042.jpg 3 2 228 206
078a_0043.jpg 3 21 238 131
078a_0044.jpg 37 71 206 116
078a_0045.jpg 1 20 210 206
078a_0046.jpg 65 65 256 257
078a_0047.jpg 26 49 328 296
078a_0048.jpg 22 11 379 393
078a_0049.jpg 24 7 134 164
078a_0050.jpg 22 15 332 352
078p_0001.jpg 7 1 226 167
078p_0002.jpg 3 4 175 141
078p_0003.jpg 12 7 156 140
078p_0004.jpg 1 1 179 266
078p_0005.jpg 47 1 179 165
078p_0006.jpg 1 1 400 285
078p_0007.jpg 11 40 231 176
078p_0008.jpg 8 6 268 204
078p_0009.jpg 3 2 233 248
078p_0010.jpg 33 18 111 138
078p_0011.jpg 27 17 230 162
078p_0012.jpg 10 11 211 201
078p_0013.jpg 20 19 197 174
078p_0014.jpg 40 38 192 133
078p_0015.jpg 29 13 204 149
078p_0016.jpg 17 11 221 171
078p_0017.jpg 30 18 199 152
078p_0018.jpg 21 1 226 194
078p_0019.jpg 12 1 230 158
078p_0020.jpg 21 27 192 123
078p_0021.jpg 40 22 361 245
078p_0022.jpg 65 27 65 54
078p_0023.jpg 57 47 109 86
078p_0024.jpg 81 84 238 108
078p_0025.jpg 33 1 368 235
078p_0026.jpg 43 21 221 218
078p_0027.jpg 36 11 202 162
078p_0028.jpg 37 22 317 234
078p_0029.jpg 16 22 264 161
078p_0030.jpg 118 65 191 110
078p_0031.jpg 21 99 234 155
078p_0031.jpg 178 12 202 155
078p_0032.jpg 69 46 239 211
078p_0033.jpg 12 1 373 255
078p_0034.jpg 106 220 212 140
078p_0035.jpg 30 49 340 317
078p_0036.jpg 42 45 344 294
078p_0037.jpg 58 58 143 102
078p_0037.jpg 131 14 108 57
078p_0038.jpg 95 92 108 104
078p_0039.jpg 1 70 148 109
078p_0040.jpg 33 44 195 110
078p_0041.jpg 32 40 223 99
078p_0042.jpg 47 25 189 166
078p_0043.jpg 50 69 135 113
078p_0044.jpg 82 65 86 81
078p_0045.jpg 52 72 104 88
078p_0046.jpg 107 58 266 207
078p_0047.jpg 104 11 221 194
078p_0048.jpg 66 3 267 220
078p_0049.jpg 107 81 161 119
078p_0050.jpg 53 15 335 210
