081a_0001.jpg 1 113 360 136
081a_0002.jpg 29 36 341 294
081a_0003.jpg 1 1 400 144
081a_0004.jpg 2 85 395 108
081a_0005.jpg 26 95 344 228
081a_0006.jpg 25 61 357 205
081a_0007.jpg 19 17 365 168
081a_0008.jpg 33 76 334 125
081a_0009.jpg 1 173 300 101
081a_0010.jpg 135 9 172 163
081a_0011.jpg 1 2 245 297
081a_0012.jpg 10 6 373 196
081a_0013.jpg 5 1 390 193
081a_0014.jpg 1 1 367 137
081a_0015.jpg 1 2 397 244
081a_0016.jpg 84 137 317 133
081a_0017.jpg 1 49 398 188
081a_0018.jpg 55 15 324 271
081a_0019.jpg 1 1 400 316
081a_0020.jpg 37 63 344 270
081a_0021.jpg 3 1 256 166
081a_0022.jpg 11 26 132 89
081a_0023.jpg 1 1 287 175
081a_0024.jpg 4 6 267 173
081a_0025.jpg 1 1 248 204
081a_0026.jpg 29 8 186 170
081a_0027.jpg 1 18 295 154
081a_0028.jpg 1 43 259 114
081a_0029.jpg 4 71 221 78
081a_0030.jpg 32 10 155 208
081a_0031.jpg 3 12 242 172
081a_0032.jpg 7 75 214 83
081a_0033.jpg 18 185 367 96
081a_0034.jpg 28 13 290 137
081a_0035.jpg 20 22 363 310
081a_0036.jpg 46 230 299 50
081a_0037.jpg 1 20 300 264
081a_0038.jpg 1 2 380 257
081a_0039.jpg 24 103 288 143
081a_0040.jpg 1 138 400 306
081a_0041.jpg 56 58 224 152
081a_0042.jpg 5 12 312 218
081p_0001.jpg 22 40 349 141
081p_0002.jpg 38 36 354 168
081p_0003.jpg 6 7 321 325
081p_0004.jpg 2 42 198 115
081p_0005.jpg 29 30 364 199
081p_0006.jpg 10 75 339 166
081p_0006.jpg 43 38 320 239
081p_0006.jpg 73 12 320 303
081p_0007.jpg 31 32 267 279
081p_0008.jpg 12 6 293 256
081p_0009.jpg 7 88 156 69
081p_0009.jpg 115 195 117 56
081p_0009.jpg 11 19 116 56
081p_0010.jpg 88 80 271 186
081p_0011.jpg 1 74 290 98
081p_0012.jpg 3 7 133 121
081p_0012.jpg 94 40 147 133
081p_0013.jpg 25 34 260 132
081p_0014.jpg 88 158 245 96
081p_0015.jpg 18 19 252 121
081p_0016.jpg 1 31 239 108
081p_0017.jpg 1 8 348 196
081p_0018.jpg 23 4 376 410
081p_0019.jpg 13 10 312 202
081p_0020.jpg 8 96 285 114
081p_0021.jpg 6 102 291 92
081p_0022.jpg 5 55 184 87
081p_0023.jpg 1 80 397 132
081p_0024.jpg 1 14 200 141
081p_0025.jpg 11 27 210 157
081p_0026.jpg 6 72 187 79
081p_0027.jpg 7 1 388 234
081p_0028.jpg 33 4 198 120
081p_0028.jpg 22 71 183 153
081p_0029.jpg 15 58 224 177
081p_0030.jpg 1 9 288 208
081p_0031.jpg 3 66 188 151
081p_0032.jpg 12 7 288 214
081p_0033.jpg 8 67 281 169
081p_0034.jpg 44 14 303 610
081p_0035.jpg 2 70 226 74
081p_0036.jpg 1 80 300 111
081p_0037.jpg 17 45 246 85
081p_0038.jpg 31 130 343 89
081p_0039.jpg 13 1 126 86
081p_0039.jpg 35 60 138 87
081p_0040.jpg 1 14 300 172
081p_0041.jpg 8 2 243 170
081p_0042.jpg 25 43 327 123
081p_0043.jpg 1 1 400 302
081p_0044.jpg 8 2 379 305
081p_0045.jpg 71 1 257 219
081p_0046.jpg 8 96 356 201
081p_0047.jpg 60 1 183 164
081p_0048.jpg 2 1 299 167
081p_0049.jpg 10 33 383 222
081p_0050.jpg 36 17 339 217
