084a_0001.jpg 57 6 131 245
084a_0002.jpg 84 13 152 297
084a_0003.jpg 84 40 164 318
084a_0004.jpg 25 9 102 366
084a_0005.jpg 51 46 144 323
084a_0006.jpg 81 81 65 240
084a_0006.jpg 191 159 131 162
084a_0007.jpg 56 84 230 317
084a_0008.jpg 1 1 296 400
084a_0009.jpg 90 6 114 287
084a_0010.jpg 110 1 167 400
084a_0011.jpg 2 1 165 281
084a_0012.jpg 109 1 179 400
084a_0013.jpg 11 25 365 306
084a_0013.jpg 98 101 127 271
084a_0014.jpg 73 31 197 342
084a_0015.jpg 14 35 230 302
084a_0016.jpg 1 98 135 251
084a_0017.jpg 108 8 147 291
084a_0018.jpg 118 5 154 279
084a_0019.jpg 60 8 238 376
084a_0019.jpg 41 244 114 134
084a_0020.jpg 40 10 143 377
084a_0021.jpg 69 13 168 327
084a_0022.jpg 74 1 224 400
084a_0023.jpg 218 31 165 214
084a_0024.jpg 15 13 270 372
084a_0025.jpg 38 86 237 307
084a_0026.jpg 73 79 143 239
084a_0027.jpg 138 74 138 173
084a_0028.jpg 74 48 119 184
084a_0029.jpg 27 28 235 339
084a_0030.jpg 19 21 168 238
084a_0030.jpg 221 31 174 234
084a_0030.jpg 173 166 68 91
084a_0031.jpg 70 24 183 377
084a_0032.jpg 6 2 264 396
084a_0033.jpg 6 1 171 279
084a_0034.jpg 48 38 143 299
084a_0034.jpg 222 23 171 334
084a_0035.jpg 1 1 386 395
084a_0036.jpg 9 8 255 384
084a_0037.jpg 8 7 158 280
084a_0037.jpg 139 51 139 206
084a_0038.jpg 35 23 155 225
084a_0038.jpg 11 132 69 110
084a_0039.jpg 32 26 243 251
084a_0040.jpg 1 1 162 399
084a_0041.jpg 17 31 276 332
084a_0042.jpg 34 6 189 384
084a_0043.jpg 82 12 188 376
084a_0044.jpg 19 4 216 332
084a_0045.jpg 167 83 58 240
084a_0046.jpg 48 16 171 355
084a_0047.jpg 1 2 181 277
084a_0048.jpg 1 17 137 291
084a_0049.jpg 23 31 92 225
084a_0050.jpg 1 1 186 270
084a_0051.jpg 13 11 190 220
084a_0052.jpg 21 2 202 221
084a_0053.jpg 105 107 52 142
084a_0053.jpg 31 178 30 53
084a_0053.jpg 165 173 26 63
084a_0054.jpg 27 8 178 212
084a_0055.jpg 59 34 248 324
084a_0056.jpg 187 182 116 160
084a_0057.jpg 48 123 163 169
084a_0057.jpg 197 51 170 242
084a_0058.jpg 98 10 204 355
084a_0059.jpg 153 7 90 385
084a_0060.jpg 26 36 146 355
084p_0001.jpg 44 56 172 330
084p_0002.jpg 23 25 186 288
084p_0003.jpg 53 7 114 209
084p_0003.jpg 49 114 58 101
084p_0003.jpg 23 107 30 111
084p_0004.jpg 19 5 264 375
084p_0005.jpg 22 36 198 216
084p_0005.jpg 4 19 178 225
084p_0006.jpg 34 11 218 383
084p_0007.jpg 76 71 139 241
084p_0008.jpg 45 28 154 373
084p_0009.jpg 96 137 110 127
084p_0010.jpg 115 97 70 87
084p_0010.jpg 178 122 19 56
084p_0010.jpg 184 58 70 114
084p_0010.jpg 268 56 72 127
084p_0011.jpg 40 62 204 285
084p_0011.jpg 143 194 81 131
084p_0012.jpg 42 59 280 210
084p_0013.jpg 208 5 123 218
084p_0014.jpg 179 77 45 89
084p_0015.jpg 73 69 132 181
084p_0015.jpg 210 65 109 187
084p_0015.jpg 243 62 126 191
084p_0016.jpg 165 97 101 125
084p_0017.jpg 92 95 93 271
084p_0018.jpg 20 12 171 267
084p_0019.jpg 148 69 208 216
084p_0020.jpg 17 40 139 175
084p_0021.jpg 138 105 69 83
084p_0021.jpg 226 126 43 54
084p_0022.jpg 150 28 105 177
084p_0023.jpg 32 3 139 311
084p_0024.jpg 101 73 200 166
084p_0025.jpg 100 58 41 130
084p_0026.jpg 7 95 212 262
084p_0027.jpg 4 4 189 197
084p_0028.jpg 10 55 154 238
084p_0029.jpg 23 3 253 398
084p_0030.jpg 123 58 117 201
084p_0031.jpg 136 26 221 242
084p_0032.jpg 87 54 147 119
084p_0032.jpg 73 100 68 67
084p_0033.jpg 110 1 143 220
084p_0033.jpg 128 115 47 114
084p_0034.jpg 25 24 200 277
084p_0035.jpg 19 7 146 194
084p_0036.jpg 31 23 217 352
084p_0037.jpg 121 31 242 229
084p_0038.jpg 70 17 309 231
084p_0039.jpg 36 29 308 360
084p_0039.jpg 24 183 54 90
084p_0039.jpg 228 173 31 102
084p_0039.jpg 295 185 62 86
084p_0040.jpg 32 73 241 322
084p_0041.jpg 97 11 281 331
084p_0042.jpg 23 10 173 368
084p_0043.jpg 11 29 223 338
084p_0044.jpg 54 33 112 149
084p_0045.jpg 53 5 182 171
084p_0045.jpg 174 73 60 103
084p_0046.jpg 51 30 109 136
084p_0047.jpg 15 27 180 229
084p_0048.jpg 108 18 230 232
084p_0049.jpg 47 32 221 337
084p_0050.jpg 22 14 301 361
