087a_0001.jpg 1 16 388 281
087a_0002.jpg 37 57 311 269
087a_0003.jpg 89 27 257 265
087a_0004.jpg 14 46 363 211
087a_0005.jpg 52 50 260 255
087a_0006.jpg 83 23 294 225
087a_0007.jpg 29 86 338 299
087a_0008.jpg 14 26 380 341
087a_0009.jpg 59 131 330 283
087a_0010.jpg 1 1 395 320
087a_0011.jpg 27 14 283 192
087a_0012.jpg 11 1 390 301
087a_0013.jpg 47 36 321 235
087a_0014.jpg 37 30 336 222
087a_0015.jpg 6 9 392 276
087a_0016.jpg 7 59 371 281
087a_0017.jpg 8 49 391 203
087a_0018.jpg 4 12 340 273
087a_0019.jpg 57 52 337 220
087a_0020.jpg 1 48 319 262
087a_0021.jpg 75 22 296 250
087a_0022.jpg 71 24 279 256
087a_0023.jpg 28 16 347 251
087a_0024.jpg 6 16 389 238
087a_0025.jpg 5 5 396 187
087a_0026.jpg 10 9 312 257
087a_0027.jpg 27 11 348 271
087a_0028.jpg 41 23 354 246
087a_0029.jpg 111 133 213 166
087a_0030.jpg 4 26 389 206
087a_0031.jpg 36 67 314 140
087a_0032.jpg 98 25 299 238
087a_0033.jpg 1 13 381 336
087a_0034.jpg 1 1 400 226
087a_0035.jpg 11 11 366 282
087a_0036.jpg 18 29 348 279
087a_0037.jpg 30 37 297 195
087a_0038.jpg 55 31 322 195
087a_0039.jpg 24 11 369 320
087a_0040.jpg 32 35 350 237
087a_0041.jpg 23 5 361 283
087a_0042.jpg 1 48 339 258
087a_0043.jpg 133 25 216 229
087a_0044.jpg 40 29 338 240
087a_0045.jpg 63 15 315 176
087a_0046.jpg 1 18 394 241
087a_0047.jpg 9 14 364 275
087a_0048.jpg 129 80 218 140
087a_0049.jpg 3 1 380 300
087a_0050.jpg 25 5 163 139
087a_0051.jpg 244 8 153 135
087a_0051.jpg 62 20 240 218
087a_0052.jpg 120 60 263 231
087a_0053.jpg 12 7 344 292
087a_0054.jpg 40 5 359 316
087a_0055.jpg 31 97 353 183
087a_0056.jpg 35 15 360 273
087a_0057.jpg 37 5 328 260
087a_0058.jpg 1 1 400 260
087a_0059.jpg 24 1 374 365
087a_0060.jpg 18 12 363 289
087a_0061.jpg 1 2 400 368
087a_0062.jpg 32 39 348 316
087a_0063.jpg 67 37 283 250
087a_0064.jpg 62 85 330 210
087a_0065.jpg 13 49 380 201
087a_0066.jpg 67 52 258 189
087a_0067.jpg 41 2 360 319
087a_0068.jpg 19 43 320 192
087a_0069.jpg 1 26 387 288
087a_0070.jpg 15 5 350 279
087a_0071.jpg 29 69 313 166
087a_0072.jpg 24 43 320 191
087a_0073.jpg 16 9 302 226
087a_0074.jpg 34 79 255 199
087a_0075.jpg 1 1 247 201
087a_0076.jpg 55 70 129 91
087a_0077.jpg 6 11 244 183
087a_0078.jpg 34 10 218 164
087a_0079.jpg 22 20 238 148
087a_0080.jpg 5 2 293 168
087a_0081.jpg 30 1 203 185
087a_0082.jpg 80 66 299 218
087a_0083.jpg 7 59 371 283
087a_0084.jpg 6 3 362 250
087a_0085.jpg 12 14 382 377
087a_0086.jpg 58 8 332 287
087a_0087.jpg 24 4 373 313
087a_0088.jpg 22 51 289 294
087p_0001.jpg 34 12 182 199
087p_0002.jpg 12 11 214 158
087p_0003.jpg 14 12 194 213
087p_0004.jpg 24 4 226 183
087p_0005.jpg 9 21 263 148
087p_0006.jpg 5 13 216 190
087p_0007.jpg 10 18 230 135
087p_0008.jpg 9 30 237 108
087p_0009.jpg 18 13 269 134
087p_0010.jpg 25 55 229 95
087p_0011.jpg 37 13 205 162
087p_0012.jpg 50 30 214 112
087p_0013.jpg 17 26 214 150
087p_0014.jpg 13 20 206 159
087p_0015.jpg 6 10 239 185
087p_0016.jpg 71 61 136 62
087p_0017.jpg 31 30 232 113
087p_0018.jpg 44 21 201 142
087p_0019.jpg 21 15 224 167
087p_0020.jpg 28 8 219 172
087p_0021.jpg 2 8 397 309
087p_0022.jpg 101 48 261 136
087p_0023.jpg 7 5 309 260
087p_0024.jpg 18 12 353 278
087p_0025.jpg 28 6 369 265
087p_0026.jpg 33 30 345 224
087p_0027.jpg 31 16 366 251
087p_0028.jpg 55 6 330 275
087p_0029.jpg 31 26 349 311
087p_0030.jpg 77 67 242 165
087p_0031.jpg 6 1 386 311
087p_0032.jpg 4 1 396 300
087p_0033.jpg 41 32 342 252
087p_0034.jpg 5 6 394 162
087p_0035.jpg 32 10 346 207
087p_0036.jpg 14 22 384 209
087p_0037.jpg 153 24 216 230
087p_0038.jpg 13 11 242 128
087p_0039.jpg 27 11 242 156
087p_0040.jpg 12 26 374 236
087p_0041.jpg 1 9 257 188
087p_0042.jpg 4 22 397 243
087p_0043.jpg 12 39 387 208
087p_0044.jpg 24 6 359 252
087p_0045.jpg 1 13 397 251
087p_0046.jpg 16 3 347 241
087p_0047.jpg 6 3 362 240
087p_0048.jpg 1 9 374 292
087p_0049.jpg 2 4 391 229
087p_0050.jpg 3 4 377 176
