095a_0001.jpg 58 140 310 228
095a_0002.jpg 2 1 299 298
095a_0003.jpg 29 8 344 240
095a_0004.jpg 76 4 254 189
095a_0005.jpg 2 1 395 254
095a_0006.jpg 1 1 400 358
095a_0007.jpg 24 4 356 389
095a_0008.jpg 13 6 381 368
095a_0009.jpg 108 56 184 158
095a_0010.jpg 42 66 309 242
095a_0011.jpg 4 6 350 346
095a_0012.jpg 2 2 296 252
095a_0013.jpg 25 8 318 280
095a_0014.jpg 32 5 332 200
095a_0015.jpg 20 11 340 386
095a_0016.jpg 9 17 119 100
095a_0016.jpg 138 18 124 96
095a_0016.jpg 277 41 115 85
095a_0016.jpg 10 139 117 107
095a_0016.jpg 142 153 118 95
095a_0016.jpg 272 152 119 89
095a_0016.jpg 15 293 115 90
095a_0016.jpg 135 298 131 65
095a_0016.jpg 276 278 124 101
095a_0017.jpg 18 12 359 294
095a_0018.jpg 57 107 298 303
095a_0019.jpg 7 18 187 145
095a_0020.jpg 71 22 261 227
095a_0021.jpg 3 1 398 321
095a_0022.jpg 32 7 350 274
095a_0023.jpg 6 3 388 336
095a_0024.jpg 61 55 292 248
095a_0025.jpg 11 11 370 288
095a_0026.jpg 52 83 300 232
095a_0027.jpg 1 1 297 258
095a_0028.jpg 207 125 140 128
095a_0029.jpg 76 139 258 190
095a_0030.jpg 1 1 391 283
095a_0031.jpg 31 76 345 255
095a_0032.jpg 78 34 123 88
095a_0033.jpg 20 22 166 184
095a_0034.jpg 11 8 216 186
095a_0035.jpg 1 1 245 200
095a_0036.jpg 2 30 216 172
095a_0037.jpg 7 11 230 176
095a_0038.jpg 10 20 216 177
095a_0039.jpg 12 43 204 139
095a_0040.jpg 4 12 219 199
095a_0041.jpg 1 1 271 186
095a_0042.jpg 43 37 205 137
095a_0043.jpg 1 3 257 193
095a_0044.jpg 41 137 125 90
095a_0045.jpg 3 1 163 130
095a_0046.jpg 12 1 380 388
095a_0047.jpg 24 19 327 306
095a_0048.jpg 47 37 293 288
095a_0049.jpg 45 18 303 216
095a_0050.jpg 72 139 239 226
095p_0001.jpg 2 1 255 195
095p_0002.jpg 9 17 247 231
095p_0003.jpg 10 1 246 190
095p_0004.jpg 80 9 300 226
095p_0005.jpg 162 129 197 125
095p_0006.jpg 37 5 346 314
095p_0007.jpg 60 76 117 79
095p_0008.jpg 1 1 183 200
095p_0009.jpg 92 33 188 186
095p_0010.jpg 68 1 268 246
095p_0011.jpg 16 15 347 320
095p_0012.jpg 15 8 134 139
095p_0013.jpg 96 71 173 176
095p_0014.jpg 25 87 159 139
095p_0014.jpg 180 64 125 138
095p_0015.jpg 54 13 126 123
095p_0016.jpg 34 61 223 278
095p_0017.jpg 113 26 228 177
095p_0018.jpg 1 1 197 222
095p_0019.jpg 5 18 380 279
095p_0020.jpg 30 23 197 160
095p_0021.jpg 177 73 189 217
095p_0022.jpg 1 19 147 126
095p_0023.jpg 1 1 306 220
095p_0024.jpg 17 8 179 144
095p_0025.jpg 23 34 246 216
095p_0026.jpg 36 44 309 225
095p_0027.jpg 32 9 154 131
095p_0028.jpg 59 26 170 126
095p_0029.jpg 54 4 219 185
095p_0030.jpg 84 13 308 284
095p_0031.jpg 21 17 257 218
095p_0032.jpg 46 95 310 380
095p_0033.jpg 12 4 147 113
095p_0034.jpg 39 1 359 242
095p_0035.jpg 1 27 142 135
095p_0036.jpg 4 1 169 150
095p_0037.jpg 30 20 304 343
095p_0038.jpg 5 9 273 263
095p_0039.jpg 28 19 185 174
095p_0040.jpg 89 30 124 118
095p_0041.jpg 19 2 282 245
095p_0042.jpg 9 2 167 135
095p_0043.jpg 46 41 224 207
095p_0044.jpg 52 33 176 152
095p_0045.jpg 4 1 391 290
095p_0046.jpg 8 12 291 215
095p_0047.jpg 22 3 209 185
095p_0048.jpg 21 10 225 174
095p_0049.jpg 1 2 268 180
095p_0050.jpg 1 1 242 204
