101a_0001.jpg 57 58 153 166
101a_0002.jpg 67 17 299 401
101a_0003.jpg 200 34 140 159
101a_0004.jpg 99 176 214 160
101a_0005.jpg 116 29 171 153
101a_0006.jpg 90 35 254 337
101a_0007.jpg 19 17 374 344
101a_0008.jpg 11 20 272 267
101a_0009.jpg 3 1 398 446
101a_0010.jpg 34 24 333 275
101a_0011.jpg 16 47 136 174
101a_0012.jpg 121 9 175 200
101a_0013.jpg 10 13 365 432
101a_0014.jpg 28 1 352 210
101a_0015.jpg 158 20 225 248
101a_0016.jpg 1 3 400 310
101a_0017.jpg 225 33 167 148
101a_0017.jpg 232 263 160 149
101a_0018.jpg 23 7 355 225
101a_0019.jpg 1 1 400 377
101a_0020.jpg 123 40 159 139
101a_0021.jpg 14 86 341 385
101a_0022.jpg 3 1 225 257
101a_0023.jpg 9 48 378 328
101a_0024.jpg 19 7 353 248
101a_0025.jpg 61 3 213 211
101a_0026.jpg 14 16 367 369
101a_0027.jpg 34 11 289 337
101a_0028.jpg 30 7 237 201
101a_0029.jpg 51 226 328 324
101a_0030.jpg 68 36 288 318
101a_0031.jpg 63 7 308 227
101a_0032.jpg 38 12 315 251
101a_0033.jpg 8 1 216 218
101a_0034.jpg 50 59 131 118
101a_0035.jpg 1 1 175 183
101a_0036.jpg 29 28 165 177
101a_0037.jpg 1 1 169 287
101a_0038.jpg 40 38 192 110
101a_0039.jpg 11 12 209 205
101a_0040.jpg 21 33 147 168
101a_0041.jpg 27 30 172 171
101a_0042.jpg 46 1 149 139
101a_0043.jpg 40 54 144 106
101a_0044.jpg 41 28 132 111
101a_0045.jpg 1 1 279 298
101a_0046.jpg 4 1 297 300
101a_0047.jpg 22 11 318 404
101a_0048.jpg 45 24 308 298
101a_0049.jpg 142 27 230 257
101a_0050.jpg 21 48 238 270
101a_0051.jpg 83 33 245 311
101a_0052.jpg 41 12 332 408
101a_0053.jpg 217 56 174 225
101a_0054.jpg 19 43 363 346
101p_0001.jpg 24 16 296 341
101p_0002.jpg 15 1 383 374
101p_0003.jpg 57 49 291 207
101p_0004.jpg 3 5 232 286
101p_0005.jpg 29 21 144 155
101p_0006.jpg 16 22 235 339
101p_0007.jpg 5 2 189 262
101p_0008.jpg 61 9 178 310
101p_0009.jpg 12 7 222 236
101p_0010.jpg 31 1 184 244
101p_0011.jpg 2 1 158 162
101p_0012.jpg 28 3 198 207
101p_0013.jpg 1 1 152 168
101p_0014.jpg 77 19 113 150
101p_0015.jpg 35 2 164 257
101p_0016.jpg 48 29 108 167
101p_0017.jpg 1 1 218 250
101p_0018.jpg 22 17 115 142
101p_0019.jpg 1 1 175 198
101p_0020.jpg 7 1 169 195
101p_0021.jpg 29 9 130 211
101p_0022.jpg 83 7 237 372
101p_0023.jpg 22 36 349 317
101p_0024.jpg 67 4 243 314
101p_0025.jpg 5 17 166 166
101p_0026.jpg 54 1 107 170
101p_0027.jpg 24 26 169 111
101p_0028.jpg 18 1 113 204
101p_0029.jpg 43 29 140 173
101p_0030.jpg 20 4 127 226
101p_0031.jpg 2 17 110 132
101p_0032.jpg 3 20 376 265
101p_0033.jpg 81 1 88 185
101p_0034.jpg 32 6 219 188
101p_0035.jpg 85 4 175 252
101p_0036.jpg 39 1 270 283
101p_0037.jpg 38 9 131 181
101p_0038.jpg 18 8 355 535
101p_0039.jpg 9 3 162 162
101p_0040.jpg 8 2 167 185
101p_0041.jpg 20 14 141 181
101p_0042.jpg 4 5 227 260
101p_0043.jpg 7 54 381 295
101p_0044.jpg 31 12 204 302
101p_0045.jpg 50 31 106 140
101p_0046.jpg 6 6 269 311
101p_0047.jpg 31 2 140 155
101p_0048.jpg 116 3 127 200
101p_0049.jpg 16 11 137 217
101p_0050.jpg 18 17 125 122
101p_0051.jpg 81 2 184 217
101p_0052.jpg 11 5 188 289
101p_0053.jpg 64 1 190 227
101p_0054.jpg 36 72 193 168
101p_0055.jpg 54 1 142 199
101p_0056.jpg 55 6 205 272
101p_0057.jpg 20 4 167 207
101p_0058.jpg 42 98 182 173
101p_0059.jpg 6 8 177 273
101p_0060.jpg 10 5 116 108
101p_0061.jpg 12 6 199 282
101p_0062.jpg 13 16 193 210
101p_0063.jpg 13 5 164 265
101p_0064.jpg 31 2 148 156
101p_0065.jpg 50 1 314 596
101p_0066.jpg 28 39 173 124
101p_0067.jpg 66 1 79 138
101p_0068.jpg 1 37 203 156
101p_0069.jpg 37 57 274 169
101p_0070.jpg 34 44 140 175
101p_0071.jpg 92 1 181 172
101p_0072.jpg 34 12 322 303
101p_0073.jpg 18 15 174 239
101p_0074.jpg 96 1 155 194
101p_0075.jpg 12 7 116 157
101p_0076.jpg 17 44 358 214
101p_0077.jpg 45 5 143 168
101p_0078.jpg 8 4 159 184
101p_0079.jpg 1 1 250 278
101p_0080.jpg 27 2 111 148
