105a_0001.jpg 10 45 283 205
105a_0002.jpg 22 17 290 264
105a_0003.jpg 1 12 313 288
105a_0004.jpg 3 1 298 300
105a_0005.jpg 6 18 377 275
105a_0006.jpg 15 10 266 257
105a_0007.jpg 23 21 329 265
105a_0008.jpg 20 12 278 263
105a_0009.jpg 30 17 294 270
105a_0010.jpg 70 33 259 226
105a_0011.jpg 43 10 328 288
105a_0012.jpg 56 62 277 228
105a_0013.jpg 84 68 237 183
105a_0014.jpg 117 121 208 164
105a_0015.jpg 59 34 289 215
105a_0016.jpg 1 1 293 300
105a_0017.jpg 42 9 329 283
105a_0018.jpg 4 1 380 300
105a_0019.jpg 56 78 251 212
105a_0020.jpg 62 51 250 273
105a_0021.jpg 37 3 347 270
105a_0022.jpg 48 67 305 335
105a_0023.jpg 16 36 297 246
105a_0024.jpg 19 13 198 184
105a_0025.jpg 6 8 386 366
105a_0026.jpg 61 23 307 253
105a_0027.jpg 19 8 254 197
105a_0028.jpg 51 29 295 273
105a_0029.jpg 36 9 302 200
105a_0030.jpg 20 16 305 277
105a_0031.jpg 11 22 334 220
105a_0032.jpg 30 45 247 264
105a_0033.jpg 78 2 262 298
105a_0034.jpg 58 9 298 212
105a_0035.jpg 36 21 181 156
105a_0036.jpg 37 46 174 130
105a_0037.jpg 15 19 180 196
105a_0038.jpg 6 57 184 151
105a_0039.jpg 27 10 213 174
105a_0040.jpg 40 47 160 163
105a_0041.jpg 61 57 157 114
105a_0042.jpg 127 47 114 99
105a_0042.jpg 66 43 108 107
105a_0043.jpg 3 11 228 192
105a_0044.jpg 1 6 224 216
105a_0045.jpg 4 89 197 145
105a_0046.jpg 83 9 120 161
105a_0047.jpg 10 8 192 217
105a_0048.jpg 60 45 262 344
105a_0049.jpg 60 23 283 234
105a_0050.jpg 38 42 224 177
105p_0001.jpg 43 38 166 143
105p_0002.jpg 19 32 194 128
105p_0003.jpg 20 27 179 143
105p_0004.jpg 18 26 215 147
105p_0005.jpg 10 25 234 140
105p_0006.jpg 27 20 202 159
105p_0007.jpg 27 29 217 160
105p_0008.jpg 27 10 217 185
105p_0009.jpg 23 14 221 166
105p_0010.jpg 18 12 207 182
105p_0011.jpg 10 9 206 189
105p_0012.jpg 10 28 246 163
105p_0013.jpg 33 6 212 181
105p_0014.jpg 15 17 220 166
105p_0015.jpg 23 11 208 179
105p_0016.jpg 46 12 199 158
105p_0017.jpg 34 9 182 166
105p_0018.jpg 7 4 251 174
105p_0019.jpg 32 16 193 167
105p_0020.jpg 33 10 215 176
105p_0021.jpg 60 51 301 233
105p_0022.jpg 30 77 198 128
105p_0023.jpg 55 30 344 234
105p_0024.jpg 6 31 376 233
105p_0025.jpg 66 39 156 137
105p_0026.jpg 33 9 196 180
105p_0027.jpg 54 104 93 55
105p_0028.jpg 20 51 174 109
105p_0029.jpg 101 73 123 107
105p_0030.jpg 24 73 154 106
105p_0031.jpg 92 60 127 112
105p_0032.jpg 34 10 170 178
105p_0033.jpg 67 51 199 95
105p_0034.jpg 11 30 236 154
105p_0035.jpg 15 18 232 151
105p_0036.jpg 35 27 212 144
105p_0037.jpg 43 55 126 118
105p_0038.jpg 16 8 224 174
105p_0039.jpg 11 3 223 202
105p_0040.jpg 32 1 171 207
105p_0041.jpg 15 3 214 198
105p_0042.jpg 60 19 112 162
105p_0043.jpg 97 35 81 105
105p_0044.jpg 5 23 231 147
105p_0045.jpg 4 19 235 170
105p_0046.jpg 7 13 229 173
105p_0047.jpg 38 5 176 180
105p_0048.jpg 12 31 247 160
105p_0049.jpg 43 7 174 174
105p_0050.jpg 2 11 231 165
