107a_0001.jpg 78 3 205 369
107a_0002.jpg 119 60 167 265
107a_0003.jpg 39 19 332 460
107a_0004.jpg 1 16 162 234
107a_0004.jpg 98 63 145 183
107a_0005.jpg 35 55 171 235
107a_0005.jpg 219 5 98 147
107a_0005.jpg 188 160 154 159
107a_0006.jpg 10 80 136 192
107a_0006.jpg 151 55 178 248
107a_0006.jpg 319 88 81 128
107a_0007.jpg 14 1 298 373
107a_0008.jpg 129 68 125 207
107a_0009.jpg 78 40 237 412
107a_0010.jpg 73 41 55 85
107a_0010.jpg 145 15 83 119
107a_0010.jpg 250 20 93 130
107a_0011.jpg 23 130 209 273
107a_0011.jpg 192 21 176 238
107a_0012.jpg 98 26 96 132
107a_0012.jpg 25 23 92 138
107a_0012.jpg 49 199 50 77
107a_0012.jpg 161 166 95 124
107a_0012.jpg 211 73 50 69
107a_0012.jpg 115 170 30 42
107a_0012.jpg 141 249 24 37
107a_0013.jpg 141 20 223 292
107a_0014.jpg 46 50 303 532
107a_0015.jpg 42 32 329 534
107a_0016.jpg 68 74 280 376
107a_0017.jpg 201 49 164 193
107a_0018.jpg 111 107 251 295
107a_0019.jpg 91 79 122 177
107a_0019.jpg 180 95 142 195
107a_0020.jpg 19 23 377 584
107a_0021.jpg 51 81 302 387
107a_0022.jpg 42 86 305 427
107a_0023.jpg 23 62 75 116
107a_0023.jpg 101 123 67 92
107a_0023.jpg 225 35 125 177
107a_0023.jpg 170 76 111 149
107a_0023.jpg 307 112 86 112
107a_0024.jpg 25 25 303 427
107a_0025.jpg 98 6 220 318
107a_0026.jpg 44 3 158 222
107a_0027.jpg 177 1 180 289
107a_0028.jpg 40 32 329 430
107a_0029.jpg 30 5 348 534
107a_0030.jpg 40 46 226 382
107a_0031.jpg 132 2 153 215
107a_0031.jpg 316 19 46 69
107a_0031.jpg 20 30 48 74
107a_0031.jpg 63 1 35 43
107a_0032.jpg 97 24 94 154
107a_0032.jpg 248 84 105 142
107a_0032.jpg 34 55 106 182
107a_0032.jpg 199 94 36 62
107a_0033.jpg 159 56 182 266
107a_0034.jpg 82 116 117 182
107a_0034.jpg 207 225 149 224
107a_0034.jpg 138 345 46 71
107a_0034.jpg 84 306 43 65
107a_0035.jpg 95 61 211 325
107a_0036.jpg 32 1 271 420
107a_0037.jpg 135 1 208 333
107a_0037.jpg 62 201 79 144
107a_0037.jpg 296 317 58 109
107a_0038.jpg 115 3 174 266
107a_0039.jpg 22 13 150 251
107a_0040.jpg 79 15 110 119
107a_0041.jpg 67 17 68 89
107a_0041.jpg 35 81 49 70
107a_0041.jpg 124 70 65 87
107a_0041.jpg 148 5 46 60
107a_0042.jpg 10 19 186 222
107a_0043.jpg 6 13 93 121
107a_0043.jpg 101 49 108 141
107a_0044.jpg 38 41 113 151
107a_0045.jpg 47 29 51 67
107a_0045.jpg 127 20 40 54
107a_0045.jpg 188 49 47 62
107a_0046.jpg 29 17 130 194
107a_0047.jpg 15 24 141 205
107a_0048.jpg 44 1 102 134
107a_0048.jpg 174 46 52 75
107a_0048.jpg 54 143 41 62
107a_0048.jpg 130 133 31 42
107a_0049.jpg 126 74 153 247
107a_0050.jpg 33 7 187 315
107p_0001.jpg 63 5 155 202
107p_0001.jpg 2 143 36 59
107p_0001.jpg 193 113 58 90
107p_0001.jpg 48 87 77 111
107p_0002.jpg 101 80 93 123
107p_0003.jpg 32 20 204 256
107p_0004.jpg 72 7 74 86
107p_0005.jpg 59 127 298 376
107p_0006.jpg 14 56 140 172
107p_0007.jpg 131 7 166 214
107p_0007.jpg 42 54 40 49
107p_0007.jpg 9 2 30 33
107p_0008.jpg 100 236 179 230
107p_0009.jpg 50 13 225 299
107p_0010.jpg 2 1 236 292
107p_0011.jpg 39 39 136 177
107p_0012.jpg 133 22 163 208
107p_0013.jpg 2 5 171 252
107p_0014.jpg 137 76 108 134
107p_0015.jpg 33 34 168 216
107p_0016.jpg 123 108 150 234
107p_0017.jpg 29 54 198 269
107p_0018.jpg 18 7 148 212
107p_0019.jpg 58 1 79 95
107p_0020.jpg 66 2 62 76
107p_0020.jpg 113 89 36 47
107p_0020.jpg 5 60 99 132
107p_0021.jpg 145 115 94 125
107p_0022.jpg 104 24 110 146
107p_0023.jpg 43 39 352 463
107p_0024.jpg 74 65 295 360
107p_0025.jpg 139 111 124 152
107p_0026.jpg 1 2 192 232
107p_0027.jpg 228 53 99 122
107p_0028.jpg 34 20 130 159
107p_0029.jpg 41 98 327 457
107p_0030.jpg 95 198 161 195
107p_0031.jpg 177 32 75 96
107p_0031.jpg 160 110 51 70
107p_0031.jpg 26 82 60 76
107p_0031.jpg 275 117 51 66
107p_0031.jpg 219 128 38 50
107p_0031.jpg 61 64 41 53
107p_0031.jpg 140 111 41 70
107p_0032.jpg 43 10 199 272
107p_0033.jpg 25 31 141 203
107p_0034.jpg 21 9 253 321
107p_0035.jpg 37 15 245 288
107p_0036.jpg 76 3 104 147
107p_0037.jpg 2 14 195 257
107p_0038.jpg 65 23 102 132
107p_0038.jpg 213 14 38 46
107p_0039.jpg 174 55 173 204
107p_0040.jpg 50 10 197 262
107p_0041.jpg 32 68 162 212
107p_0042.jpg 120 15 192 238
107p_0043.jpg 115 1 149 158
107p_0044.jpg 53 28 95 116
107p_0045.jpg 37 34 129 155
107p_0046.jpg 73 9 185 236
107p_0047.jpg 141 18 148 182
107p_0047.jpg 98 82 41 45
107p_0048.jpg 18 35 116 109
107p_0049.jpg 76 3 128 154
107p_0050.jpg 85 28 258 320
107p_0051.jpg 32 7 146 190
107p_0052.jpg 11 3 182 237
107p_0053.jpg 37 68 155 198
107p_0054.jpg 27 1 142 190
107p_0055.jpg 31 66 153 195
107p_0056.jpg 82 89 100 128
