110a_0001.jpg 64 31 274 390
110a_0002.jpg 142 4 108 198
110a_0003.jpg 103 30 225 316
110a_0004.jpg 74 31 261 428
110a_0005.jpg 146 154 149 315
110a_0006.jpg 64 91 283 364
110a_0007.jpg 94 27 211 343
110a_0008.jpg 43 20 294 478
110a_0009.jpg 45 34 325 567
110a_0010.jpg 38 13 328 517
110a_0011.jpg 1 1 400 520
110a_0012.jpg 126 67 165 339
110a_0013.jpg 122 53 125 289
110a_0014.jpg 71 3 263 493
110a_0015.jpg 52 1 145 282
110a_0016.jpg 76 1 254 498
110a_0017.jpg 80 7 239 344
110a_0018.jpg 87 21 220 364
110a_0019.jpg 132 66 127 261
110a_0020.jpg 3 1 397 556
110a_0021.jpg 55 8 299 522
110a_0022.jpg 48 7 228 333
110a_0023.jpg 74 36 232 418
110a_0024.jpg 29 1 234 344
110a_0025.jpg 40 1 332 553
110a_0026.jpg 1 1 400 740
110a_0027.jpg 1 1 400 542
110a_0028.jpg 17 20 377 587
110a_0029.jpg 27 24 336 545
110a_0030.jpg 2 1 399 544
110a_0031.jpg 1 1 161 299
110a_0032.jpg 1 1 165 305
110a_0033.jpg 42 7 141 213
110a_0034.jpg 56 21 100 231
110a_0035.jpg 51 18 79 157
110a_0036.jpg 9 12 165 265
110a_0037.jpg 5 1 188 260
110a_0038.jpg 84 73 230 435
110a_0039.jpg 1 1 400 768
110a_0040.jpg 62 34 176 231
110a_0041.jpg 48 54 68 165
110a_0041.jpg 159 53 65 165
110a_0041.jpg 266 54 67 167
110a_0042.jpg 38 10 345 579
110p_0001.jpg 26 17 357 639
110p_0002.jpg 83 45 237 498
110p_0003.jpg 64 36 268 457
110p_0004.jpg 45 22 243 462
110p_0005.jpg 85 71 240 441
110p_0006.jpg 112 42 176 382
110p_0007.jpg 7 3 204 387
110p_0008.jpg 54 4 84 170
110p_0009.jpg 45 5 111 243
110p_0010.jpg 97 49 108 245
110p_0011.jpg 101 165 202 360
110p_0012.jpg 28 23 76 154
110p_0013.jpg 55 61 296 569
110p_0014.jpg 18 24 367 659
110p_0015.jpg 25 16 132 267
110p_0016.jpg 111 124 196 367
110p_0017.jpg 26 1 96 150
110p_0018.jpg 90 67 113 218
110p_0019.jpg 98 1 173 450
110p_0020.jpg 1 1 199 300
110p_0021.jpg 10 5 375 483
110p_0022.jpg 176 7 178 298
110p_0023.jpg 3 1 395 632
110p_0024.jpg 144 24 56 127
110p_0025.jpg 17 18 89 227
110p_0026.jpg 2 1 160 219
110p_0027.jpg 43 2 143 223
110p_0028.jpg 133 11 147 236
110p_0029.jpg 65 2 105 218
110p_0030.jpg 44 2 105 229
110p_0031.jpg 64 12 100 194
110p_0032.jpg 58 24 108 190
110p_0033.jpg 55 1 125 227
110p_0034.jpg 73 10 84 180
110p_0035.jpg 55 21 120 200
110p_0036.jpg 47 17 109 199
110p_0037.jpg 68 8 103 218
110p_0038.jpg 61 1 127 230
110p_0039.jpg 66 1 106 230
110p_0040.jpg 54 7 117 222
110p_0041.jpg 58 4 102 227
110p_0042.jpg 38 1 122 228
110p_0043.jpg 60 5 119 220
110p_0044.jpg 47 27 92 175
110p_0045.jpg 10 20 97 199
110p_0045.jpg 127 17 97 181
110p_0046.jpg 10 28 73 158
110p_0046.jpg 77 25 66 156
110p_0046.jpg 136 26 68 153
110p_0047.jpg 31 1 117 230
110p_0048.jpg 62 1 120 230
110p_0049.jpg 71 4 102 211
110p_0050.jpg 51 6 114 214
