112a_0001.jpg 170 15 65 202
112a_0002.jpg 159 3 89 394
112a_0003.jpg 68 21 176 373
112a_0004.jpg 115 10 89 335
112a_0005.jpg 48 13 96 376
112a_0006.jpg 33 11 89 389
112a_0006.jpg 171 14 107 387
112a_0007.jpg 132 1 141 400
112a_0008.jpg 157 1 92 352
112a_0009.jpg 62 1 128 320
112a_0010.jpg 168 54 112 312
112a_0011.jpg 68 9 142 384
112a_0012.jpg 73 27 151 352
112a_0013.jpg 38 57 55 186
112a_0013.jpg 84 82 46 162
112a_0013.jpg 116 53 41 186
112a_0013.jpg 153 54 38 191
112a_0013.jpg 185 60 57 185
112a_0013.jpg 232 48 51 192
112a_0013.jpg 269 51 54 189
112a_0013.jpg 296 44 83 201
112a_0014.jpg 76 70 120 291
112a_0015.jpg 39 8 108 385
112a_0016.jpg 135 1 201 400
112a_0017.jpg 18 1 129 400
112a_0018.jpg 73 1 68 248
112a_0019.jpg 35 2 148 399
112a_0020.jpg 88 13 96 381
112a_0021.jpg 78 7 96 394
112a_0022.jpg 15 2 47 204
112a_0022.jpg 73 1 47 205
112a_0022.jpg 126 1 45 205
112a_0022.jpg 179 3 49 201
112a_0023.jpg 65 1 64 241
112a_0024.jpg 19 23 61 222
112a_0024.jpg 114 26 53 217
112a_0025.jpg 42 1 84 307
112a_0026.jpg 23 24 105 304
112a_0027.jpg 24 3 119 260
112a_0028.jpg 38 9 115 256
112a_0029.jpg 52 31 101 341
112a_0030.jpg 79 2 129 287
112a_0031.jpg 54 1 113 400
112a_0031.jpg 227 21 117 380
112a_0032.jpg 71 17 157 384
112a_0033.jpg 60 79 185 299
112a_0034.jpg 96 60 113 304
112a_0035.jpg 9 3 263 398
112a_0036.jpg 170 6 106 394
112a_0037.jpg 48 30 138 217
112a_0038.jpg 27 9 107 321
112a_0038.jpg 140 11 102 319
112a_0038.jpg 267 10 114 322
112a_0039.jpg 26 7 80 379
112a_0039.jpg 145 8 65 382
112a_0040.jpg 30 22 166 252
112a_0041.jpg 20 1 157 400
112a_0042.jpg 76 2 99 399
112a_0043.jpg 72 47 73 220
112a_0044.jpg 58 5 91 245
112a_0044.jpg 212 11 100 235
112a_0045.jpg 79 19 118 362
112a_0046.jpg 57 35 119 291
112p_0001.jpg 72 3 89 394
112p_0002.jpg 40 2 101 385
112p_0002.jpg 191 11 100 354
112p_0003.jpg 25 6 58 321
112p_0003.jpg 148 3 82 321
112p_0004.jpg 75 13 90 331
112p_0005.jpg 32 7 121 279
112p_0006.jpg 31 6 155 390
112p_0007.jpg 37 18 94 371
112p_0008.jpg 95 1 148 398
112p_0009.jpg 10 3 82 266
112p_0009.jpg 101 9 62 258
112p_0010.jpg 141 24 72 270
112p_0011.jpg 86 22 101 363
112p_0012.jpg 50 13 63 237
112p_0013.jpg 34 13 87 337
112p_0014.jpg 86 4 66 278
112p_0015.jpg 36 27 50 198
112p_0016.jpg 50 1 94 200
112p_0017.jpg 8 127 63 246
112p_0017.jpg 85 88 84 285
112p_0017.jpg 191 5 97 348
112p_0018.jpg 52 29 81 331
112p_0019.jpg 79 1 69 219
112p_0020.jpg 17 27 101 374
112p_0021.jpg 48 62 62 229
112p_0021.jpg 141 131 56 154
112p_0021.jpg 193 120 55 148
112p_0021.jpg 252 141 49 120
112p_0022.jpg 10 42 54 207
112p_0022.jpg 101 21 70 274
112p_0022.jpg 198 37 56 210
112p_0023.jpg 81 2 66 273
112p_0024.jpg 20 4 95 390
112p_0025.jpg 75 7 98 365
112p_0026.jpg 27 6 121 392
112p_0027.jpg 30 12 83 358
112p_0028.jpg 3 1 85 297
112p_0028.jpg 95 2 206 299
112p_0029.jpg 51 34 131 367
112p_0030.jpg 59 8 56 211
112p_0031.jpg 49 15 107 359
112p_0032.jpg 38 2 94 300
112p_0032.jpg 160 1 97 360
112p_0033.jpg 88 1 74 248
112p_0034.jpg 124 1 101 347
112p_0035.jpg 71 6 90 371
112p_0035.jpg 190 14 88 364
112p_0036.jpg 18 6 97 370
112p_0037.jpg 117 13 72 271
112p_0038.jpg 155 32 77 312
112p_0039.jpg 144 2 104 361
112p_0040.jpg 19 4 96 392
112p_0041.jpg 24 6 94 374
112p_0042.jpg 20 7 168 393
112p_0043.jpg 146 12 120 289
112p_0044.jpg 41 3 76 283
112p_0045.jpg 12 1 97 377
112p_0046.jpg 56 19 74 344
112p_0047.jpg 99 6 101 391
112p_0048.jpg 16 27 103 366
112p_0049.jpg 32 28 98 357
112p_0050.jpg 149 4 110 391
112p_0051.jpg 86 10 96 378
112p_0052.jpg 31 11 114 360
