115a_0001.jpg 79 16 207 356
115a_0002.jpg 74 17 210 357
115a_0003.jpg 78 4 166 397
115a_0004.jpg 35 39 196 357
115a_0005.jpg 99 33 210 331
115a_0006.jpg 30 28 159 358
115a_0007.jpg 79 17 155 384
115a_0008.jpg 60 1 201 394
115a_0009.jpg 60 2 200 391
115a_0010.jpg 1 1 196 400
115a_0011.jpg 33 77 202 300
115a_0012.jpg 1 1 200 400
115a_0013.jpg 1 1 200 400
115a_0014.jpg 116 1 131 218
115a_0015.jpg 53 12 177 379
115a_0016.jpg 77 16 205 353
115a_0017.jpg 53 9 148 252
115a_0018.jpg 84 77 117 297
115a_0019.jpg 66 5 159 387
115a_0020.jpg 1 5 184 393
115a_0021.jpg 59 23 230 356
115a_0022.jpg 103 23 195 364
115a_0023.jpg 73 5 170 393
115a_0024.jpg 1 2 156 389
115a_0025.jpg 1 1 214 399
115a_0026.jpg 132 57 137 242
115a_0027.jpg 56 28 178 349
115a_0028.jpg 1 1 142 299
115a_0029.jpg 83 45 143 253
115a_0030.jpg 119 29 169 343
115a_0031.jpg 82 15 140 223
115a_0032.jpg 22 5 227 393
115a_0033.jpg 2 1 213 400
115a_0034.jpg 88 1 128 300
115a_0035.jpg 75 14 209 358
115a_0036.jpg 5 3 228 398
115a_0037.jpg 52 5 184 381
115a_0038.jpg 1 1 245 378
115a_0039.jpg 130 17 143 266
115a_0040.jpg 71 38 142 320
115a_0041.jpg 3 2 271 399
115a_0042.jpg 90 12 251 387
115a_0043.jpg 1 1 262 400
115a_0044.jpg 53 3 196 396
115a_0045.jpg 99 46 203 309
115a_0046.jpg 28 34 161 329
115a_0047.jpg 2 1 192 400
115a_0048.jpg 63 40 181 310
115a_0049.jpg 8 19 209 320
115a_0050.jpg 6 20 212 321
115a_0051.jpg 29 55 213 305
115a_0052.jpg 73 46 163 321
115a_0053.jpg 36 1 206 388
115a_0054.jpg 64 19 138 347
115a_0055.jpg 91 80 115 242
115a_0056.jpg 2 1 160 296
115a_0057.jpg 1 1 116 240
115a_0058.jpg 8 1 146 316
115a_0059.jpg 80 1 144 300
115a_0060.jpg 43 12 199 372
115a_0061.jpg 43 28 255 361
115a_0062.jpg 88 7 221 384
115a_0063.jpg 52 17 176 382
115a_0064.jpg 110 53 110 278
115a_0065.jpg 52 19 150 350
115a_0066.jpg 25 38 191 327
115a_0067.jpg 55 6 98 251
115a_0068.jpg 79 1 244 400
115a_0069.jpg 13 28 146 357
115a_0070.jpg 1 1 146 300
115a_0071.jpg 133 18 141 365
115a_0072.jpg 140 13 123 253
115a_0073.jpg 134 8 149 391
115p_0001.jpg 4 1 159 395
115p_0002.jpg 136 75 108 205
115p_0003.jpg 1 1 200 143
115p_0004.jpg 1 1 114 203
115p_0005.jpg 126 15 121 308
115p_0006.jpg 7 56 193 119
115p_0007.jpg 3 1 114 267
115p_0008.jpg 10 14 130 288
115p_0009.jpg 1 1 118 250
115p_0010.jpg 99 36 220 271
115p_0011.jpg 21 5 243 382
115p_0012.jpg 42 50 173 323
115p_0013.jpg 63 50 146 326
115p_0014.jpg 43 37 179 325
115p_0015.jpg 43 15 169 373
115p_0016.jpg 62 39 146 325
115p_0017.jpg 49 14 170 376
115p_0018.jpg 59 40 145 331
115p_0019.jpg 120 44 94 198
115p_0020.jpg 10 12 184 378
115p_0021.jpg 68 1 195 399
115p_0022.jpg 16 6 231 390
115p_0023.jpg 67 1 230 399
115p_0024.jpg 53 48 141 338
115p_0025.jpg 120 28 144 212
115p_0026.jpg 42 1 125 250
115p_0027.jpg 62 64 151 294
115p_0028.jpg 15 1 244 393
115p_0029.jpg 53 13 139 348
115p_0030.jpg 39 22 247 358
115p_0031.jpg 34 19 143 367
115p_0032.jpg 82 5 171 336
115p_0033.jpg 8 7 143 305
115p_0034.jpg 44 34 190 322
115p_0035.jpg 1 1 300 295
115p_0036.jpg 29 5 233 384
115p_0037.jpg 18 6 369 351
115p_0038.jpg 28 14 181 380
115p_0039.jpg 50 8 133 262
115p_0040.jpg 68 2 211 345
115p_0041.jpg 34 1 147 258
115p_0042.jpg 11 8 133 332
115p_0043.jpg 10 15 254 383
115p_0044.jpg 38 33 195 338
115p_0045.jpg 51 46 157 338
115p_0046.jpg 53 8 130 259
115p_0047.jpg 24 10 188 354
115p_0048.jpg 114 53 153 292
115p_0049.jpg 20 13 215 355
115p_0050.jpg 42 24 247 358
