123a_0001.jpg 35 37 306 269
123a_0002.jpg 1 1 374 540
123a_0003.jpg 52 5 275 226
123a_0004.jpg 5 1 242 295
123a_0005.jpg 16 8 187 203
123a_0006.jpg 131 95 158 180
123a_0007.jpg 12 4 232 337
123a_0008.jpg 21 54 148 172
123a_0008.jpg 156 29 165 192
123a_0008.jpg 329 149 55 73
123a_0009.jpg 26 73 109 152
123a_0009.jpg 162 30 138 185
123a_0010.jpg 77 55 156 159
123a_0011.jpg 143 17 247 247
123a_0012.jpg 64 109 228 287
123a_0013.jpg 94 9 112 136
123a_0014.jpg 26 6 196 205
123a_0015.jpg 101 87 152 227
123a_0016.jpg 6 29 383 382
123a_0017.jpg 43 4 176 210
123a_0017.jpg 241 53 102 155
123a_0018.jpg 5 17 341 317
123a_0019.jpg 1 1 391 361
123a_0020.jpg 100 134 89 146
123a_0020.jpg 196 77 182 212
123a_0021.jpg 9 7 232 272
123a_0022.jpg 51 24 317 452
123a_0023.jpg 33 13 115 178
123a_0023.jpg 105 66 86 125
123a_0024.jpg 11 12 177 211
123a_0025.jpg 59 30 94 118
123a_0025.jpg 155 39 60 80
123a_0026.jpg 1 3 267 180
123a_0027.jpg 14 1 174 231
123a_0028.jpg 27 1 169 250
123a_0029.jpg 14 45 171 182
123a_0030.jpg 61 91 190 234
123a_0030.jpg 230 144 140 165
123a_0031.jpg 30 6 342 419
123a_0032.jpg 6 43 269 222
123a_0033.jpg 1 12 282 321
123a_0034.jpg 116 39 146 186
123a_0035.jpg 22 13 366 535
123a_0036.jpg 170 57 152 161
123a_0037.jpg 22 11 365 462
123a_0038.jpg 1 1 169 309
123a_0038.jpg 247 10 70 178
123a_0038.jpg 120 26 74 164
123a_0039.jpg 52 17 130 130
123a_0040.jpg 123 53 204 217
123a_0041.jpg 97 52 242 369
123a_0042.jpg 49 5 348 325
123a_0043.jpg 9 69 195 251
123a_0043.jpg 154 49 223 322
123a_0044.jpg 53 2 348 523
123a_0045.jpg 165 33 147 192
123a_0046.jpg 1 1 400 748
123a_0047.jpg 4 1 247 265
123a_0048.jpg 6 1 384 386
123a_0049.jpg 53 54 200 148
123a_0050.jpg 51 6 338 296
123p_0001.jpg 25 1 230 216
123p_0002.jpg 24 1 197 291
123p_0003.jpg 32 34 130 234
123p_0004.jpg 10 15 268 213
123p_0005.jpg 7 7 197 291
123p_0006.jpg 22 14 173 256
123p_0007.jpg 78 36 151 193
123p_0008.jpg 85 47 102 119
123p_0009.jpg 9 7 175 272
123p_0010.jpg 80 20 160 198
123p_0011.jpg 8 26 195 217
123p_0012.jpg 16 19 203 242
123p_0013.jpg 85 17 175 233
123p_0014.jpg 4 6 202 278
123p_0015.jpg 55 10 182 277
123p_0016.jpg 22 8 226 272
123p_0017.jpg 5 9 194 284
123p_0018.jpg 64 95 158 165
123p_0019.jpg 31 30 212 187
123p_0020.jpg 36 10 217 274
123p_0021.jpg 13 21 269 260
123p_0022.jpg 82 2 168 197
123p_0023.jpg 73 28 166 213
123p_0024.jpg 34 1 233 273
123p_0025.jpg 97 16 165 170
123p_0026.jpg 12 44 179 227
123p_0027.jpg 13 1 268 260
123p_0028.jpg 24 61 165 162
123p_0029.jpg 77 1 156 216
123p_0030.jpg 5 1 262 274
123p_0031.jpg 7 1 250 299
123p_0032.jpg 19 17 255 249
123p_0033.jpg 25 1 258 180
123p_0034.jpg 26 27 188 259
123p_0035.jpg 39 6 246 270
123p_0036.jpg 13 13 216 269
123p_0037.jpg 8 4 220 291
123p_0038.jpg 95 26 145 126
123p_0039.jpg 30 31 240 190
123p_0040.jpg 21 23 167 208
123p_0041.jpg 33 38 145 221
123p_0042.jpg 73 15 151 217
123p_0043.jpg 18 9 172 268
123p_0044.jpg 7 10 212 265
123p_0045.jpg 7 7 227 264
123p_0046.jpg 103 3 142 236
123p_0047.jpg 37 1 229 220
123p_0048.jpg 19 32 156 230
123p_0049.jpg 28 7 172 237
123p_0050.jpg 8 6 195 265
123p_0051.jpg 78 17 145 149
123p_0052.jpg 15 12 280 233
123p_0053.jpg 26 15 241 202
123p_0054.jpg 24 8 140 258
123p_0055.jpg 23 6 263 270
123p_0056.jpg 35 1 219 177
123p_0057.jpg 109 42 111 131
123p_0058.jpg 50 41 107 207
123p_0059.jpg 41 28 142 203
123p_0060.jpg 31 12 220 172
123p_0061.jpg 64 15 207 212
123p_0062.jpg 84 6 166 214
123p_0063.jpg 36 11 253 253
123p_0064.jpg 26 9 209 241
123p_0065.jpg 58 31 172 244
123p_0066.jpg 11 26 220 253
123p_0067.jpg 1 1 300 217
123p_0068.jpg 47 39 129 235
123p_0069.jpg 51 33 212 210
123p_0070.jpg 19 27 163 211
123p_0071.jpg 5 7 187 243
123p_0072.jpg 30 1 247 237
123p_0073.jpg 4 8 195 258
123p_0074.jpg 70 47 165 155
