127a_0001.jpg 36 37 322 310
127a_0002.jpg 42 2 323 220
127a_0003.jpg 6 6 393 382
127a_0004.jpg 1 1 395 356
127a_0005.jpg 104 62 201 181
127a_0006.jpg 1 40 396 333
127a_0007.jpg 1 1 400 276
127a_0008.jpg 4 6 353 288
127a_0009.jpg 17 13 366 292
127a_0010.jpg 43 19 243 279
127a_0011.jpg 1 1 288 300
127a_0012.jpg 1 1 400 295
127a_0013.jpg 1 1 400 332
127a_0014.jpg 1 1 400 457
127a_0015.jpg 1 1 369 300
127a_0016.jpg 18 16 373 245
127a_0017.jpg 21 34 366 262
127a_0018.jpg 4 75 341 293
127a_0019.jpg 1 1 182 159
127a_0020.jpg 15 30 384 327
127a_0021.jpg 1 1 220 229
127a_0022.jpg 9 37 271 232
127a_0023.jpg 24 17 194 161
127a_0024.jpg 8 1 218 224
127a_0025.jpg 1 5 224 190
127a_0026.jpg 1 1 210 240
127a_0027.jpg 8 37 215 153
127a_0028.jpg 2 29 211 167
127a_0029.jpg 7 3 277 165
127a_0030.jpg 4 36 197 165
127a_0031.jpg 1 1 380 359
127a_0032.jpg 5 35 321 179
127a_0033.jpg 1 1 299 273
127a_0034.jpg 123 77 143 126
127a_0035.jpg 1 1 400 341
127a_0036.jpg 75 15 244 229
127a_0037.jpg 46 52 267 218
127a_0038.jpg 23 1 363 233
127a_0039.jpg 2 34 298 235
127a_0040.jpg 1 1 400 300
127a_0041.jpg 1 1 400 318
127a_0042.jpg 22 18 362 289
127a_0043.jpg 23 26 354 249
127a_0044.jpg 20 36 141 123
127a_0045.jpg 23 27 350 250
127a_0046.jpg 27 1 374 320
127a_0047.jpg 22 14 359 346
127a_0048.jpg 1 1 400 334
127a_0049.jpg 43 46 324 211
127a_0050.jpg 36 16 320 231
127a_0051.jpg 42 21 312 224
127a_0052.jpg 70 37 267 201
127p_0001.jpg 1 1 188 155
127p_0002.jpg 5 8 299 221
127p_0003.jpg 31 1 231 225
127p_0004.jpg 9 32 334 285
127p_0005.jpg 1 3 200 241
127p_0006.jpg 1 84 159 140
127p_0007.jpg 1 1 267 271
127p_0008.jpg 13 1 194 172
127p_0009.jpg 17 4 156 123
127p_0010.jpg 84 30 267 266
127p_0011.jpg 6 3 260 190
127p_0012.jpg 9 2 193 190
127p_0013.jpg 4 1 196 204
127p_0014.jpg 53 3 139 148
127p_0015.jpg 12 5 184 170
127p_0016.jpg 11 7 382 333
127p_0017.jpg 16 11 138 97
127p_0018.jpg 50 1 156 186
127p_0019.jpg 1 2 200 190
127p_0020.jpg 105 30 239 223
127p_0021.jpg 1 2 148 142
127p_0022.jpg 10 12 206 145
127p_0023.jpg 4 2 393 401
127p_0024.jpg 9 4 175 192
127p_0025.jpg 25 2 152 153
127p_0026.jpg 5 34 190 153
127p_0027.jpg 13 7 255 234
127p_0028.jpg 1 59 400 420
127p_0029.jpg 1 13 300 275
127p_0030.jpg 73 1 180 225
127p_0031.jpg 3 1 297 253
127p_0032.jpg 20 39 264 211
127p_0033.jpg 6 1 288 256
127p_0034.jpg 4 6 260 294
127p_0035.jpg 1 1 300 287
127p_0036.jpg 60 42 211 174
127p_0037.jpg 9 24 282 249
127p_0038.jpg 21 43 232 226
127p_0039.jpg 3 4 272 293
127p_0040.jpg 53 10 192 209
127p_0041.jpg 42 28 199 210
127p_0042.jpg 1 1 260 300
127p_0043.jpg 25 27 211 193
127p_0044.jpg 23 2 227 225
127p_0045.jpg 22 10 237 220
127p_0046.jpg 74 32 171 179
127p_0047.jpg 1 21 300 275
127p_0048.jpg 3 4 231 210
127p_0049.jpg 35 13 257 213
127p_0050.jpg 9 7 289 259
127p_0051.jpg 48 30 194 171
127p_0052.jpg 7 4 278 296
127p_0053.jpg 65 56 189 162
127p_0054.jpg 55 19 196 189
127p_0055.jpg 28 1 233 246
127p_0056.jpg 3 6 270 287
127p_0057.jpg 13 4 278 294
127p_0058.jpg 1 1 295 300
127p_0059.jpg 1 1 300 272
127p_0060.jpg 93 14 176 187
127p_0061.jpg 1 1 300 263
127p_0062.jpg 34 84 173 197
127p_0063.jpg 45 8 215 221
127p_0064.jpg 1 1 300 223
127p_0065.jpg 27 14 246 267
127p_0066.jpg 85 21 183 165
127p_0067.jpg 121 7 176 201
127p_0068.jpg 39 10 253 285
127p_0069.jpg 1 1 262 300
127p_0070.jpg 38 19 231 253
127p_0071.jpg 15 12 280 256
127p_0072.jpg 30 8 254 237
127p_0073.jpg 1 1 259 300
127p_0074.jpg 53 4 174 175
