131a_0001.jpg 82 12 234 364
131a_0002.jpg 118 48 230 138
131a_0003.jpg 107 60 182 292
131a_0004.jpg 1 1 400 607
131a_0005.jpg 1 37 394 615
131a_0006.jpg 70 41 222 130
131a_0007.jpg 71 38 263 205
131a_0008.jpg 47 15 209 370
131a_0009.jpg 30 9 247 380
131a_0010.jpg 106 54 171 280
131a_0011.jpg 1 1 181 279
131a_0012.jpg 121 127 84 109
131a_0013.jpg 65 66 274 495
131a_0014.jpg 115 62 197 405
131a_0015.jpg 29 18 339 581
131a_0016.jpg 49 56 168 295
131a_0017.jpg 46 50 117 193
131a_0018.jpg 1 1 120 210
131a_0019.jpg 24 19 166 226
131a_0020.jpg 52 45 118 189
131a_0021.jpg 1 1 175 288
131a_0022.jpg 38 40 111 177
131a_0023.jpg 54 14 116 192
131a_0024.jpg 43 28 161 142
131a_0025.jpg 47 35 132 185
131a_0026.jpg 1 1 221 228
131a_0027.jpg 35 13 144 211
131a_0028.jpg 65 16 75 125
131a_0029.jpg 119 36 157 249
131a_0030.jpg 16 3 361 269
131a_0031.jpg 124 104 164 277
131a_0032.jpg 83 120 238 344
131a_0033.jpg 76 75 130 216
131a_0034.jpg 10 15 101 165
131a_0035.jpg 178 85 179 111
131a_0036.jpg 87 19 224 360
131a_0037.jpg 54 1 154 256
131a_0038.jpg 90 80 177 127
131a_0039.jpg 1 1 206 350
131a_0040.jpg 5 6 169 288
131a_0041.jpg 49 30 148 253
131a_0042.jpg 40 45 167 239
131a_0043.jpg 138 110 121 207
131a_0044.jpg 105 92 205 503
131a_0045.jpg 53 49 96 152
131a_0046.jpg 107 187 196 322
131a_0047.jpg 156 45 195 176
131a_0048.jpg 109 65 194 302
131a_0049.jpg 55 23 294 184
131a_0050.jpg 62 104 157 233
131a_0050.jpg 177 70 167 268
131p_0001.jpg 1 4 359 182
131p_0002.jpg 15 7 154 186
131p_0003.jpg 18 11 360 296
131p_0004.jpg 105 24 116 195
131p_0005.jpg 70 50 268 486
131p_0006.jpg 94 23 81 69
131p_0007.jpg 58 1 96 155
131p_0008.jpg 117 84 158 127
131p_0009.jpg 39 10 134 207
131p_0010.jpg 26 13 88 124
131p_0011.jpg 73 91 53 100
131p_0012.jpg 64 16 64 101
131p_0013.jpg 72 10 107 140
131p_0014.jpg 78 28 251 212
131p_0015.jpg 33 8 348 487
131p_0016.jpg 144 4 113 186
131p_0017.jpg 55 18 119 200
131p_0018.jpg 1 1 155 140
131p_0019.jpg 143 5 118 205
131p_0020.jpg 10 12 143 189
131p_0021.jpg 1 1 167 282
131p_0022.jpg 1 1 162 279
131p_0023.jpg 13 31 220 297
131p_0024.jpg 97 80 219 361
131p_0025.jpg 12 12 146 263
131p_0026.jpg 21 54 203 148
131p_0026.jpg 198 63 162 168
131p_0027.jpg 81 4 229 418
131p_0028.jpg 58 22 82 160
131p_0029.jpg 88 1 265 280
131p_0030.jpg 57 39 138 264
131p_0031.jpg 265 60 84 189
131p_0032.jpg 6 1 345 324
131p_0033.jpg 111 31 172 248
131p_0034.jpg 73 14 64 109
131p_0035.jpg 1 1 315 292
131p_0036.jpg 15 8 232 210
131p_0037.jpg 51 28 131 250
131p_0038.jpg 27 6 127 208
131p_0039.jpg 8 15 87 137
131p_0040.jpg 13 6 132 204
131p_0041.jpg 1 1 293 306
131p_0042.jpg 16 1 168 208
131p_0043.jpg 192 155 115 89
131p_0044.jpg 1 1 351 284
131p_0045.jpg 12 4 140 202
131p_0046.jpg 3 45 242 182
131p_0047.jpg 12 2 305 236
131p_0048.jpg 19 12 116 212
131p_0049.jpg 5 3 142 114
131p_0050.jpg 50 1 150 250
131p_0051.jpg 1 23 109 144
131p_0052.jpg 50 6 117 175
