136a_0001.jpg 69 190 205 129
136a_0002.jpg 94 121 253 124
136a_0003.jpg 63 7 124 309
136a_0004.jpg 135 8 123 357
136a_0004.jpg 19 12 105 351
136a_0005.jpg 12 146 239 162
136a_0006.jpg 38 22 128 328
136a_0007.jpg 5 4 111 393
136a_0008.jpg 61 169 216 145
136a_0009.jpg 7 4 185 391
136a_0010.jpg 9 12 371 191
136a_0011.jpg 19 7 149 383
136a_0012.jpg 3 4 386 119
136a_0013.jpg 9 11 154 372
136a_0014.jpg 24 17 129 370
136a_0015.jpg 15 8 130 374
136a_0016.jpg 4 8 260 323
136a_0017.jpg 8 18 137 146
136a_0018.jpg 7 3 158 141
136a_0019.jpg 135 98 191 239
136a_0020.jpg 5 70 242 87
136a_0021.jpg 89 45 63 155
136a_0022.jpg 42 95 78 200
136a_0023.jpg 73 18 85 191
136a_0024.jpg 45 106 242 56
136a_0025.jpg 40 14 105 233
136a_0026.jpg 7 7 179 255
136a_0027.jpg 44 93 130 55
136a_0028.jpg 19 6 111 288
136a_0029.jpg 80 113 293 164
136a_0030.jpg 16 15 204 375
136a_0031.jpg 26 33 372 225
136a_0032.jpg 68 26 175 352
136a_0033.jpg 23 11 187 228
136a_0034.jpg 8 133 191 185
136a_0035.jpg 84 9 166 386
136a_0036.jpg 60 77 126 245
136a_0037.jpg 19 5 258 393
136a_0038.jpg 26 13 174 376
136a_0039.jpg 19 9 379 230
136a_0040.jpg 6 6 277 392
136a_0041.jpg 120 1 119 316
136a_0042.jpg 100 2 169 333
136a_0043.jpg 163 30 83 200
136a_0044.jpg 49 74 251 158
136a_0045.jpg 92 103 102 228
136a_0046.jpg 11 23 296 284
136a_0046.jpg 174 107 131 180
136a_0047.jpg 40 33 318 231
136a_0048.jpg 65 65 200 147
136a_0049.jpg 26 208 276 180
136a_0050.jpg 141 72 151 304
136p_0001.jpg 89 74 258 204
136p_0002.jpg 141 53 232 250
136p_0003.jpg 22 7 94 205
136p_0004.jpg 55 7 134 314
136p_0005.jpg 73 13 151 374
136p_0006.jpg 54 5 189 304
136p_0007.jpg 58 14 126 372
136p_0008.jpg 77 14 144 362
136p_0009.jpg 14 11 373 378
136p_0010.jpg 14 19 178 369
136p_0011.jpg 13 43 377 252
136p_0012.jpg 72 14 181 242
136p_0013.jpg 33 100 244 135
136p_0014.jpg 6 4 229 200
136p_0015.jpg 27 15 126 370
136p_0016.jpg 80 10 155 382
136p_0017.jpg 49 95 330 141
136p_0018.jpg 65 1 171 332
136p_0019.jpg 98 53 303 130
136p_0020.jpg 140 24 97 257
136p_0021.jpg 23 22 344 138
136p_0022.jpg 59 49 107 252
136p_0023.jpg 29 3 94 231
136p_0024.jpg 47 25 351 259
136p_0025.jpg 59 7 161 381
136p_0026.jpg 40 57 320 161
136p_0027.jpg 13 91 356 120
136p_0028.jpg 24 16 366 257
136p_0029.jpg 47 13 145 332
136p_0030.jpg 29 22 357 221
136p_0031.jpg 42 76 103 235
136p_0032.jpg 5 1 242 97
136p_0033.jpg 15 7 170 381
136p_0034.jpg 97 7 131 373
136p_0035.jpg 100 17 95 232
136p_0035.jpg 214 16 108 237
136p_0036.jpg 131 33 96 276
136p_0037.jpg 53 7 105 231
136p_0038.jpg 21 17 352 166
136p_0039.jpg 22 14 160 378
136p_0040.jpg 70 25 297 351
136p_0041.jpg 16 42 343 235
136p_0042.jpg 6 9 224 234
136p_0043.jpg 83 25 138 348
136p_0044.jpg 40 10 127 257
136p_0045.jpg 25 9 171 335
136p_0046.jpg 79 14 153 317
136p_0047.jpg 45 13 152 318
136p_0048.jpg 15 16 172 167
136p_0049.jpg 43 15 178 369
136p_0050.jpg 7 18 384 127
136p_0051.jpg 39 10 126 331
136p_0052.jpg 21 8 160 320
136p_0053.jpg 15 93 384 160
136p_0054.jpg 68 122 235 118
136p_0055.jpg 143 109 181 134
136p_0056.jpg 104 143 254 204
136p_0057.jpg 81 156 291 170
136p_0058.jpg 118 83 175 142
136p_0059.jpg 119 126 232 107
136p_0060.jpg 46 142 160 255
