140a_0001.jpg 19 20 260 235
140a_0002.jpg 4 4 393 378
140a_0003.jpg 98 46 206 374
140a_0004.jpg 26 11 182 209
140a_0005.jpg 6 3 202 234
140a_0006.jpg 23 5 181 217
140a_0007.jpg 22 4 168 218
140a_0008.jpg 16 22 169 218
140a_0009.jpg 33 15 194 174
140a_0010.jpg 70 9 127 166
140a_0011.jpg 17 9 199 210
140a_0012.jpg 5 19 171 150
140a_0013.jpg 6 3 217 220
140a_0014.jpg 3 5 201 235
140a_0015.jpg 4 5 219 217
140a_0016.jpg 13 5 205 218
140a_0017.jpg 8 6 180 247
140a_0018.jpg 34 11 167 207
140a_0019.jpg 11 6 221 202
140a_0020.jpg 20 14 184 202
140a_0021.jpg 4 4 172 196
140a_0022.jpg 5 2 237 202
140a_0023.jpg 31 10 166 219
140a_0024.jpg 60 12 185 165
140a_0025.jpg 33 2 158 222
140a_0026.jpg 11 7 184 193
140a_0027.jpg 21 9 227 184
140a_0028.jpg 75 42 114 124
140a_0029.jpg 11 18 248 169
140a_0030.jpg 13 9 196 175
140a_0031.jpg 60 48 165 134
140a_0032.jpg 9 7 226 165
140a_0033.jpg 5 3 198 114
140a_0034.jpg 48 25 164 146
140a_0035.jpg 17 43 201 132
140a_0036.jpg 23 8 232 172
140a_0037.jpg 49 6 198 175
140a_0038.jpg 6 11 193 229
140a_0039.jpg 34 6 213 187
140a_0040.jpg 36 28 158 171
140a_0041.jpg 14 5 200 216
140a_0042.jpg 29 23 182 203
140a_0043.jpg 68 9 168 145
140a_0044.jpg 5 9 207 222
140a_0045.jpg 17 13 172 234
140a_0046.jpg 25 14 180 206
140a_0047.jpg 9 11 284 212
140a_0048.jpg 13 14 376 444
140a_0049.jpg 22 6 248 302
140a_0050.jpg 39 6 297 368
140p_0001.jpg 40 43 312 334
140p_0002.jpg 60 18 295 229
140p_0003.jpg 15 12 107 144
140p_0004.jpg 34 48 342 351
140p_0005.jpg 5 20 143 160
140p_0006.jpg 9 20 163 158
140p_0007.jpg 21 13 361 485
140p_0008.jpg 33 11 327 454
140p_0009.jpg 9 24 151 169
140p_0010.jpg 10 6 108 109
140p_0011.jpg 15 16 184 256
140p_0012.jpg 87 19 146 280
140p_0013.jpg 11 30 194 249
140p_0014.jpg 27 29 168 239
140p_0015.jpg 18 17 178 266
140p_0016.jpg 55 39 186 246
140p_0017.jpg 24 21 197 252
140p_0018.jpg 2 2 233 267
140p_0019.jpg 47 17 212 201
140p_0020.jpg 46 22 205 177
140p_0021.jpg 27 12 177 279
140p_0022.jpg 25 5 171 251
140p_0023.jpg 18 9 192 288
140p_0024.jpg 19 36 271 244
140p_0025.jpg 56 40 194 237
140p_0026.jpg 12 23 201 232
140p_0027.jpg 91 18 253 274
140p_0028.jpg 61 17 276 364
140p_0029.jpg 19 5 354 353
140p_0030.jpg 35 32 346 343
140p_0031.jpg 30 18 321 330
140p_0032.jpg 42 21 133 162
140p_0033.jpg 6 10 234 191
140p_0034.jpg 13 16 188 225
140p_0035.jpg 16 5 157 177
140p_0036.jpg 8 9 193 238
140p_0037.jpg 5 6 217 212
140p_0038.jpg 36 9 187 181
140p_0039.jpg 64 9 153 168
140p_0040.jpg 24 8 180 206
140p_0041.jpg 46 13 295 284
140p_0042.jpg 46 21 314 328
140p_0043.jpg 46 9 219 283
140p_0044.jpg 11 12 268 350
140p_0045.jpg 31 6 335 361
140p_0046.jpg 14 65 374 276
140p_0047.jpg 85 51 218 235
140p_0048.jpg 23 8 222 259
140p_0049.jpg 49 12 286 484
140p_0050.jpg 12 7 173 201
