146a_0001.jpg 63 92 266 156
146a_0002.jpg 15 8 380 228
146a_0003.jpg 71 56 263 190
146a_0004.jpg 8 78 286 176
146a_0005.jpg 22 9 332 231
146a_0006.jpg 129 111 270 142
146a_0007.jpg 12 20 383 239
146a_0008.jpg 96 67 206 135
146a_0009.jpg 98 83 211 115
146a_0010.jpg 28 29 343 234
146a_0011.jpg 16 42 372 257
146a_0012.jpg 4 10 391 214
146a_0013.jpg 12 16 383 233
146a_0014.jpg 77 24 282 181
146a_0015.jpg 8 9 386 204
146a_0016.jpg 8 12 340 258
146a_0017.jpg 31 30 343 234
146a_0018.jpg 163 75 191 140
146a_0019.jpg 37 254 240 143
146a_0020.jpg 7 3 387 220
146a_0021.jpg 22 79 356 255
146a_0022.jpg 102 119 275 188
146a_0023.jpg 14 59 375 227
146a_0024.jpg 4 4 391 250
146a_0025.jpg 6 4 390 239
146a_0026.jpg 8 45 370 246
146a_0027.jpg 34 33 336 236
146a_0028.jpg 17 7 380 266
146a_0029.jpg 21 11 368 222
146a_0030.jpg 14 15 380 218
146a_0031.jpg 6 5 391 316
146a_0032.jpg 42 25 207 130
146a_0033.jpg 26 13 349 220
146a_0034.jpg 73 23 328 240
146a_0035.jpg 14 20 374 230
146a_0036.jpg 64 306 297 210
146a_0037.jpg 8 27 380 262
146a_0038.jpg 72 63 276 189
146a_0039.jpg 8 17 380 227
146a_0040.jpg 10 13 326 203
146a_0041.jpg 9 15 380 225
146a_0042.jpg 6 7 388 205
146a_0043.jpg 62 77 267 161
146a_0044.jpg 13 11 225 158
146a_0045.jpg 10 3 272 172
146a_0046.jpg 20 75 184 112
146a_0047.jpg 10 32 235 137
146a_0048.jpg 15 9 218 161
146a_0049.jpg 9 4 280 163
146a_0050.jpg 17 17 228 153
146a_0051.jpg 63 59 280 192
146a_0052.jpg 30 48 348 267
146a_0053.jpg 70 60 283 195
146a_0054.jpg 12 27 378 250
146a_0055.jpg 52 126 187 125
146a_0056.jpg 45 21 313 200
146a_0057.jpg 29 16 357 198
146a_0058.jpg 16 61 372 199
146a_0059.jpg 7 30 328 221
146a_0060.jpg 6 79 338 226
146a_0061.jpg 10 9 386 228
146a_0062.jpg 15 32 368 235
146a_0063.jpg 55 44 265 150
146a_0064.jpg 79 63 241 140
146a_0065.jpg 18 30 370 245
146a_0066.jpg 59 132 279 161
146p_0001.jpg 24 9 309 199
146p_0002.jpg 5 39 212 135
146p_0003.jpg 22 13 173 118
146p_0004.jpg 10 5 386 238
146p_0005.jpg 7 38 209 154
146p_0006.jpg 13 14 336 214
146p_0007.jpg 9 40 187 118
146p_0008.jpg 9 6 183 145
146p_0009.jpg 15 16 374 217
146p_0010.jpg 3 45 215 133
146p_0011.jpg 9 11 381 220
146p_0012.jpg 10 9 384 249
146p_0013.jpg 7 7 157 94
146p_0014.jpg 6 4 277 163
146p_0015.jpg 6 4 179 109
146p_0016.jpg 6 42 212 141
146p_0017.jpg 13 6 186 115
146p_0018.jpg 16 41 201 138
146p_0019.jpg 13 40 185 124
146p_0020.jpg 10 46 207 133
146p_0021.jpg 13 63 371 223
146p_0022.jpg 23 26 361 219
146p_0023.jpg 25 9 332 388
146p_0024.jpg 53 25 338 234
146p_0025.jpg 15 12 180 123
146p_0026.jpg 16 21 240 154
146p_0027.jpg 7 19 186 122
146p_0028.jpg 23 26 363 256
146p_0029.jpg 26 20 363 235
146p_0030.jpg 14 13 376 216
146p_0031.jpg 22 71 344 199
146p_0032.jpg 7 16 187 113
146p_0033.jpg 9 72 365 205
146p_0034.jpg 57 47 284 222
146p_0035.jpg 5 42 216 141
146p_0036.jpg 6 2 165 100
146p_0037.jpg 7 48 210 139
146p_0038.jpg 25 33 286 190
146p_0039.jpg 8 45 187 120
146p_0040.jpg 5 43 212 137
146p_0041.jpg 15 36 360 251
146p_0042.jpg 7 46 212 137
146p_0043.jpg 11 43 210 142
146p_0044.jpg 6 6 239 136
146p_0045.jpg 8 21 196 138
146p_0046.jpg 5 14 389 254
146p_0047.jpg 15 10 377 237
146p_0048.jpg 6 5 359 220
146p_0049.jpg 15 29 186 136
146p_0050.jpg 6 32 142 96
