154a_0001.jpg 5 3 239 292
154a_0002.jpg 5 1 214 296
154a_0003.jpg 84 34 282 339
154a_0004.jpg 14 12 348 384
154a_0005.jpg 7 4 383 621
154a_0006.jpg 25 3 238 252
154a_0007.jpg 5 2 172 194
154a_0008.jpg 9 12 359 511
154a_0009.jpg 6 4 246 217
154a_0010.jpg 10 10 385 405
154a_0011.jpg 21 10 220 403
154a_0012.jpg 15 2 172 258
154a_0013.jpg 129 2 136 171
154a_0014.jpg 9 3 190 231
154a_0015.jpg 10 4 168 267
154a_0016.jpg 7 4 197 232
154a_0017.jpg 8 21 150 263
154a_0018.jpg 6 6 147 310
154a_0019.jpg 109 21 72 161
154a_0020.jpg 32 3 210 269
154a_0021.jpg 45 33 336 372
154a_0022.jpg 19 6 370 502
154a_0023.jpg 46 13 341 464
154a_0024.jpg 44 9 340 527
154a_0025.jpg 5 4 388 755
154a_0026.jpg 12 7 382 317
154a_0027.jpg 44 6 352 498
154a_0028.jpg 79 3 212 334
154a_0029.jpg 73 3 323 571
154a_0030.jpg 14 13 259 331
154a_0031.jpg 72 9 258 283
154a_0032.jpg 5 7 217 382
154a_0033.jpg 18 13 193 273
154a_0034.jpg 9 7 218 308
154a_0035.jpg 15 17 363 362
154a_0036.jpg 5 9 178 168
154a_0037.jpg 23 7 244 329
154a_0038.jpg 7 8 383 573
154a_0039.jpg 19 12 360 710
154a_0040.jpg 7 5 389 436
154a_0041.jpg 9 10 384 529
154a_0042.jpg 16 7 374 550
154a_0043.jpg 6 3 170 298
154a_0044.jpg 11 6 194 307
154a_0045.jpg 86 6 278 378
154a_0046.jpg 85 7 263 288
154a_0047.jpg 14 19 227 265
154a_0048.jpg 5 7 170 189
154a_0049.jpg 11 8 157 244
154a_0050.jpg 10 11 279 286
154p_0001.jpg 143 33 97 260
154p_0002.jpg 13 6 165 251
154p_0003.jpg 22 7 141 256
154p_0004.jpg 114 20 87 134
154p_0005.jpg 34 24 138 242
154p_0006.jpg 24 17 150 239
154p_0007.jpg 46 21 149 231
154p_0008.jpg 21 8 215 186
154p_0009.jpg 60 16 62 224
154p_0010.jpg 64 7 118 186
154p_0011.jpg 24 9 160 242
154p_0012.jpg 82 20 116 160
154p_0013.jpg 51 35 286 473
154p_0013.jpg 311 134 82 332
154p_0014.jpg 15 18 360 414
154p_0015.jpg 5 9 230 573
154p_0016.jpg 111 108 160 378
154p_0017.jpg 52 44 177 233
154p_0018.jpg 26 6 160 193
154p_0019.jpg 67 34 231 442
154p_0020.jpg 50 12 197 453
154p_0021.jpg 203 176 155 346
154p_0022.jpg 10 17 195 293
154p_0023.jpg 44 20 133 271
154p_0024.jpg 139 55 118 238
154p_0025.jpg 39 24 190 271
154p_0026.jpg 185 12 85 234
154p_0027.jpg 61 11 135 224
154p_0028.jpg 239 11 134 290
154p_0029.jpg 30 66 327 424
154p_0030.jpg 143 9 233 450
154p_0031.jpg 52 66 343 411
154p_0032.jpg 23 18 150 268
154p_0033.jpg 56 59 333 338
154p_0034.jpg 70 9 191 244
154p_0035.jpg 14 19 383 221
154p_0036.jpg 108 9 168 385
154p_0037.jpg 93 136 127 377
154p_0037.jpg 185 14 152 504
154p_0037.jpg 335 243 64 255
154p_0038.jpg 168 4 177 246
154p_0039.jpg 162 8 172 243
154p_0040.jpg 35 12 149 201
154p_0041.jpg 115 4 277 268
154p_0042.jpg 28 10 365 584
154p_0043.jpg 223 19 127 279
154p_0044.jpg 98 6 204 179
154p_0045.jpg 156 28 121 194
154p_0046.jpg 178 67 207 356
154p_0047.jpg 5 9 226 511
154p_0048.jpg 127 6 164 196
154p_0049.jpg 22 6 365 522
154p_0050.jpg 43 19 140 247
154p_0051.jpg 19 16 376 577
154p_0052.jpg 121 25 168 246
154p_0053.jpg 146 54 142 210
154p_0054.jpg 4 4 219 234
154p_0055.jpg 94 17 272 499
154p_0056.jpg 79 54 295 437
