158a_0001.jpg 42 15 218 273
158a_0002.jpg 55 53 271 335
158a_0003.jpg 21 33 139 215
158a_0004.jpg 73 38 89 163
158a_0005.jpg 120 10 107 168
158a_0006.jpg 10 12 140 265
158a_0007.jpg 98 81 112 116
158a_0008.jpg 133 57 175 318
158a_0009.jpg 5 34 233 350
158a_0010.jpg 20 13 253 367
158a_0011.jpg 145 26 163 169
158a_0012.jpg 5 3 388 368
158a_0013.jpg 30 46 314 302
158a_0014.jpg 28 34 169 169
158a_0015.jpg 18 17 201 184
158a_0016.jpg 48 74 84 161
158a_0017.jpg 4 2 198 247
158a_0018.jpg 19 19 125 159
158a_0019.jpg 55 29 126 204
158a_0020.jpg 47 94 107 172
158a_0021.jpg 52 55 85 172
158a_0022.jpg 45 75 100 117
158a_0023.jpg 20 24 107 125
158a_0024.jpg 15 52 83 138
158a_0024.jpg 106 49 109 147
158a_0025.jpg 10 56 177 174
158a_0026.jpg 35 13 119 224
158a_0027.jpg 18 4 221 201
158a_0028.jpg 29 23 127 223
158a_0029.jpg 31 28 74 145
158a_0029.jpg 173 72 63 92
158a_0030.jpg 16 14 170 178
158a_0031.jpg 21 22 159 213
158a_0032.jpg 31 11 164 206
158a_0033.jpg 26 37 125 190
158a_0034.jpg 32 23 149 200
158a_0035.jpg 20 9 129 257
158a_0036.jpg 34 10 121 241
158a_0037.jpg 18 41 219 159
158a_0038.jpg 80 86 166 279
158a_0039.jpg 52 33 227 330
158a_0040.jpg 27 51 204 306
158a_0041.jpg 44 4 140 218
158a_0042.jpg 20 19 219 346
158a_0043.jpg 33 34 208 332
158a_0044.jpg 58 24 215 371
158a_0045.jpg 14 64 241 326
158a_0046.jpg 29 15 317 359
158a_0047.jpg 65 78 128 246
158a_0047.jpg 101 215 63 103
158a_0048.jpg 70 18 189 325
158a_0049.jpg 35 28 220 343
158a_0050.jpg 17 9 225 236
158p_0001.jpg 43 42 257 199
158p_0002.jpg 159 53 145 220
158p_0002.jpg 266 59 58 97
158p_0003.jpg 66 29 153 321
158p_0004.jpg 50 3 149 240
158p_0005.jpg 74 24 148 348
158p_0006.jpg 206 25 160 246
158p_0007.jpg 168 49 96 205
158p_0008.jpg 56 90 204 274
158p_0009.jpg 64 17 229 349
158p_0010.jpg 82 23 132 237
158p_0010.jpg 74 137 89 127
158p_0011.jpg 43 18 253 282
158p_0012.jpg 29 25 184 319
158p_0013.jpg 78 111 129 195
158p_0014.jpg 41 60 151 248
158p_0014.jpg 185 50 118 227
158p_0015.jpg 88 46 129 281
158p_0016.jpg 23 63 68 119
158p_0016.jpg 101 71 79 105
158p_0016.jpg 26 8 53 74
158p_0017.jpg 42 71 172 201
158p_0017.jpg 197 118 132 171
158p_0017.jpg 8 224 65 53
158p_0018.jpg 45 4 240 392
158p_0019.jpg 19 94 203 280
158p_0020.jpg 63 37 196 327
158p_0021.jpg 69 38 79 162
158p_0022.jpg 14 21 159 309
158p_0023.jpg 61 50 222 306
158p_0024.jpg 74 52 134 176
158p_0025.jpg 95 31 85 172
158p_0026.jpg 96 26 144 155
158p_0027.jpg 117 78 124 215
158p_0028.jpg 69 63 148 219
158p_0029.jpg 47 39 193 348
158p_0030.jpg 80 25 159 306
158p_0031.jpg 68 96 126 238
158p_0032.jpg 60 65 127 299
158p_0033.jpg 57 69 163 216
158p_0034.jpg 111 8 130 243
158p_0035.jpg 34 31 141 295
158p_0036.jpg 66 42 239 278
158p_0037.jpg 50 89 173 253
158p_0038.jpg 36 74 203 293
158p_0039.jpg 59 39 128 216
158p_0040.jpg 163 63 84 193
158p_0041.jpg 62 15 144 199
158p_0041.jpg 190 13 167 201
158p_0042.jpg 183 48 65 80
158p_0043.jpg 46 39 221 329
158p_0044.jpg 96 13 163 337
158p_0045.jpg 58 9 179 369
158p_0045.jpg 79 221 97 171
158p_0046.jpg 104 104 52 70
158p_0047.jpg 99 55 83 99
158p_0048.jpg 65 52 51 106
158p_0049.jpg 97 29 201 332
158p_0050.jpg 112 17 71 189
