159a_0001.jpg 30 16 320 366
159a_0002.jpg 50 10 155 288
159a_0002.jpg 244 130 113 169
159a_0002.jpg 4 112 45 74
159a_0002.jpg 198 117 63 100
159a_0003.jpg 80 42 101 323
159a_0004.jpg 100 13 195 377
159a_0005.jpg 73 22 241 374
159a_0006.jpg 119 9 168 385
159a_0007.jpg 114 13 170 381
159a_0008.jpg 102 17 112 372
159a_0009.jpg 107 65 152 311
159a_0010.jpg 106 3 201 376
159a_0011.jpg 37 5 223 390
159a_0012.jpg 70 1 149 397
159a_0013.jpg 41 30 202 336
159a_0014.jpg 70 95 149 266
159a_0015.jpg 18 40 222 325
159a_0016.jpg 9 8 225 389
159a_0017.jpg 32 25 118 376
159a_0018.jpg 68 9 148 391
159a_0019.jpg 13 11 134 381
159a_0020.jpg 80 1 176 397
159a_0021.jpg 53 5 141 210
159a_0022.jpg 5 5 126 373
159a_0023.jpg 5 3 186 248
159a_0024.jpg 67 3 79 203
159a_0025.jpg 52 4 153 231
159a_0026.jpg 4 2 168 255
159a_0027.jpg 49 7 110 245
159a_0028.jpg 22 30 60 177
159a_0028.jpg 81 5 68 212
159a_0028.jpg 143 15 71 204
159a_0029.jpg 8 5 161 396
159a_0030.jpg 63 31 121 367
159a_0031.jpg 32 25 114 330
159a_0032.jpg 101 93 137 213
159a_0033.jpg 6 4 274 320
159a_0034.jpg 64 7 167 394
159a_0034.jpg 189 51 205 343
159a_0035.jpg 48 16 205 380
159a_0036.jpg 46 38 180 336
159a_0037.jpg 5 88 114 304
159a_0038.jpg 26 28 116 354
159a_0039.jpg 8 9 249 341
159a_0040.jpg 33 4 118 383
159a_0041.jpg 3 19 240 329
159a_0042.jpg 5 22 170 354
159a_0043.jpg 7 12 211 305
159a_0044.jpg 43 12 173 365
159a_0045.jpg 14 25 133 364
159a_0046.jpg 23 22 151 358
159a_0047.jpg 42 27 149 363
159a_0048.jpg 48 2 104 365
159a_0049.jpg 9 4 209 293
159a_0050.jpg 43 14 126 374
159p_0001.jpg 73 74 150 291
159p_0002.jpg 12 4 238 393
159p_0003.jpg 56 10 163 339
159p_0004.jpg 8 15 257 373
159p_0005.jpg 22 6 170 343
159p_0006.jpg 36 13 125 377
159p_0007.jpg 24 7 80 219
159p_0007.jpg 88 7 83 223
159p_0008.jpg 96 6 99 387
159p_0009.jpg 87 55 116 317
159p_0010.jpg 37 10 116 382
159p_0011.jpg 76 25 118 363
159p_0012.jpg 57 30 158 366
159p_0013.jpg 86 5 134 395
159p_0014.jpg 89 11 81 324
159p_0015.jpg 98 12 99 381
159p_0016.jpg 87 12 107 367
159p_0016.jpg 2 9 67 245
159p_0016.jpg 233 18 35 249
159p_0017.jpg 72 5 194 336
159p_0018.jpg 41 24 170 345
159p_0019.jpg 172 19 64 242
159p_0020.jpg 96 22 127 371
159p_0021.jpg 69 8 114 385
159p_0022.jpg 67 8 121 381
159p_0023.jpg 68 6 129 368
159p_0023.jpg 15 212 25 83
159p_0024.jpg 44 10 148 389
159p_0025.jpg 70 10 118 384
159p_0026.jpg 85 21 119 373
159p_0027.jpg 98 45 97 336
159p_0028.jpg 63 27 149 342
159p_0029.jpg 27 5 105 305
159p_0030.jpg 42 25 93 244
159p_0031.jpg 73 10 67 221
159p_0032.jpg 24 10 107 281
159p_0033.jpg 50 7 94 260
159p_0034.jpg 70 36 67 192
159p_0035.jpg 62 5 73 250
159p_0036.jpg 58 17 75 241
159p_0037.jpg 61 10 66 247
159p_0038.jpg 55 19 70 249
159p_0039.jpg 54 37 176 360
159p_0040.jpg 166 58 71 187
159p_0041.jpg 72 21 160 377
159p_0042.jpg 77 15 116 369
159p_0043.jpg 67 6 124 389
159p_0044.jpg 9 8 109 386
159p_0045.jpg 44 15 202 382
159p_0046.jpg 92 29 127 359
159p_0047.jpg 89 46 104 344
159p_0048.jpg 102 102 99 291
159p_0049.jpg 22 17 105 373
159p_0049.jpg 143 20 120 363
159p_0050.jpg 76 15 161 360
159p_0051.jpg 3 3 145 393
159p_0052.jpg 51 25 143 349
159p_0053.jpg 81 16 123 369
159p_0054.jpg 100 22 100 368
159p_0055.jpg 68 11 127 388
159p_0055.jpg 4 85 40 114
159p_0055.jpg 188 81 44 132
159p_0055.jpg 224 80 42 132
159p_0056.jpg 96 7 97 385
159p_0057.jpg 107 35 95 350
159p_0058.jpg 101 25 110 362
159p_0059.jpg 79 14 129 356
159p_0060.jpg 83 6 109 391
