167a_0001.jpg 83 115 218 196
167a_0002.jpg 86 51 121 163
167a_0003.jpg 96 165 268 138
167a_0004.jpg 30 13 125 102
167a_0005.jpg 30 64 302 335
167a_0006.jpg 64 45 182 184
167a_0007.jpg 27 40 303 266
167a_0008.jpg 52 36 303 206
167a_0009.jpg 31 5 337 197
167a_0010.jpg 88 72 114 111
167a_0011.jpg 10 8 387 284
167a_0012.jpg 46 48 317 285
167a_0013.jpg 3 12 190 173
167a_0014.jpg 7 4 383 240
167a_0015.jpg 89 27 252 170
167a_0016.jpg 19 9 334 313
167a_0017.jpg 27 34 251 157
167a_0017.jpg 231 84 134 111
167a_0018.jpg 44 20 329 228
167a_0019.jpg 28 7 210 110
167a_0019.jpg 216 89 46 36
167a_0020.jpg 12 20 227 147
167a_0021.jpg 33 115 195 175
167a_0022.jpg 48 148 101 56
167a_0022.jpg 156 77 209 123
167a_0023.jpg 31 63 324 227
167a_0024.jpg 15 7 324 291
167a_0025.jpg 11 7 387 246
167a_0026.jpg 52 104 216 196
167a_0027.jpg 85 59 171 102
167a_0028.jpg 90 38 114 106
167a_0029.jpg 14 3 182 118
167a_0030.jpg 45 9 173 164
167a_0031.jpg 22 11 253 165
167a_0032.jpg 31 15 130 247
167a_0033.jpg 28 8 168 172
167a_0034.jpg 52 60 168 129
167a_0034.jpg 8 87 37 21
167a_0035.jpg 68 28 329 255
167a_0036.jpg 164 43 236 245
167a_0037.jpg 26 12 340 353
167a_0038.jpg 145 69 204 131
167a_0039.jpg 16 14 376 303
167a_0040.jpg 8 7 389 202
167a_0041.jpg 153 27 208 133
167a_0042.jpg 23 125 203 232
167a_0042.jpg 181 15 169 193
167a_0042.jpg 245 207 124 143
167a_0043.jpg 37 8 332 282
167a_0044.jpg 51 27 266 205
167a_0045.jpg 16 26 329 213
167a_0046.jpg 115 45 234 118
167a_0047.jpg 156 34 153 195
167a_0048.jpg 6 4 391 193
167a_0049.jpg 20 107 338 191
167a_0050.jpg 13 68 321 185
167a_0051.jpg 54 24 200 95
167a_0052.jpg 17 20 224 136
167a_0052.jpg 251 46 110 68
167a_0053.jpg 32 37 367 227
167a_0054.jpg 76 30 153 80
167a_0055.jpg 74 57 271 195
167a_0056.jpg 65 1 287 385
167p_0001.jpg 56 52 305 181
167p_0002.jpg 33 97 344 182
167p_0003.jpg 38 50 308 163
167p_0004.jpg 53 47 305 150
167p_0005.jpg 20 36 365 177
167p_0006.jpg 10 27 386 198
167p_0007.jpg 64 77 292 143
167p_0008.jpg 31 89 322 157
167p_0009.jpg 98 64 242 164
167p_0010.jpg 9 120 339 162
167p_0011.jpg 16 75 216 210
167p_0012.jpg 9 14 284 260
167p_0013.jpg 25 20 362 183
167p_0014.jpg 77 79 298 108
167p_0015.jpg 7 40 392 255
167p_0016.jpg 71 131 270 130
167p_0017.jpg 14 83 382 187
167p_0018.jpg 113 9 189 166
167p_0019.jpg 22 14 351 156
167p_0020.jpg 23 73 329 157
167p_0021.jpg 45 76 349 169
167p_0022.jpg 8 70 320 173
167p_0023.jpg 13 15 387 264
167p_0024.jpg 48 18 307 177
167p_0025.jpg 7 49 394 214
167p_0026.jpg 2 47 239 132
167p_0027.jpg 8 57 382 195
167p_0028.jpg 65 25 320 170
167p_0029.jpg 8 53 390 193
167p_0030.jpg 30 14 367 192
167p_0031.jpg 8 69 392 231
167p_0032.jpg 50 90 286 148
167p_0033.jpg 21 31 374 191
167p_0034.jpg 12 50 371 165
167p_0035.jpg 56 41 274 176
167p_0036.jpg 29 67 365 150
167p_0037.jpg 41 25 352 236
167p_0038.jpg 15 15 379 188
167p_0039.jpg 24 67 337 169
167p_0040.jpg 74 47 291 345
167p_0041.jpg 27 20 210 174
167p_0042.jpg 26 69 338 166
167p_0043.jpg 21 28 347 172
167p_0044.jpg 31 23 368 179
167p_0045.jpg 2 22 396 181
167p_0046.jpg 54 5 315 174
167p_0047.jpg 34 74 341 116
167p_0048.jpg 15 44 382 130
167p_0049.jpg 26 95 327 117
167p_0050.jpg 62 37 294 120
167p_0051.jpg 27 24 292 175
167p_0052.jpg 12 8 382 196
