171a_0001.jpg 134 38 134 327
171a_0002.jpg 72 13 106 236
171a_0003.jpg 16 11 236 304
171a_0004.jpg 3 6 153 300
171a_0005.jpg 58 25 110 171
171a_0006.jpg 6 5 183 250
171a_0007.jpg 34 4 159 249
171a_0008.jpg 20 7 148 238
171a_0009.jpg 55 3 116 221
171a_0010.jpg 16 5 246 178
171a_0011.jpg 6 4 189 247
171a_0012.jpg 8 3 180 254
171a_0013.jpg 21 14 142 190
171a_0014.jpg 8 2 154 295
171a_0015.jpg 45 5 221 301
171a_0016.jpg 45 8 210 383
171a_0017.jpg 11 4 230 198
171a_0018.jpg 1 2 90 210
171a_0019.jpg 101 4 115 152
171a_0020.jpg 7 5 184 251
171a_0021.jpg 6 7 195 226
171a_0022.jpg 35 18 123 216
171a_0023.jpg 92 23 100 157
171a_0024.jpg 22 2 180 216
171a_0025.jpg 5 6 157 297
171a_0026.jpg 33 2 161 221
171a_0027.jpg 1 3 95 198
171a_0028.jpg 77 7 77 131
171a_0029.jpg 127 14 158 141
171a_0030.jpg 7 10 187 244
171a_0031.jpg 4 5 204 225
171a_0032.jpg 4 2 171 275
171a_0033.jpg 52 9 130 181
171a_0034.jpg 5 9 153 302
171a_0035.jpg 103 17 195 368
171a_0036.jpg 117 44 167 260
171a_0037.jpg 62 81 191 269
171a_0038.jpg 36 13 322 377
171a_0039.jpg 120 19 126 278
171a_0040.jpg 40 25 265 360
171p_0001.jpg 70 13 109 234
171p_0002.jpg 58 23 167 347
171p_0003.jpg 123 15 151 278
171p_0004.jpg 61 11 266 387
171p_0005.jpg 12 11 252 375
171p_0006.jpg 7 21 146 152
171p_0007.jpg 15 17 105 274
171p_0008.jpg 13 8 147 259
171p_0009.jpg 6 7 164 210
171p_0010.jpg 81 22 242 320
171p_0011.jpg 11 15 190 325
171p_0012.jpg 8 6 226 388
171p_0013.jpg 7 9 230 321
171p_0014.jpg 71 12 111 233
171p_0015.jpg 18 17 327 371
171p_0016.jpg 28 20 346 292
171p_0017.jpg 59 12 180 376
171p_0018.jpg 13 16 189 362
171p_0019.jpg 34 5 191 252
171p_0020.jpg 46 11 117 295
171p_0021.jpg 17 13 235 382
171p_0022.jpg 19 21 235 357
171p_0023.jpg 8 15 167 378
171p_0024.jpg 84 3 80 198
171p_0025.jpg 1 5 88 209
171p_0026.jpg 2 5 96 190
171p_0027.jpg 5 4 153 302
171p_0028.jpg 63 15 99 191
171p_0029.jpg 68 10 114 239
171p_0030.jpg 46 6 116 235
171p_0031.jpg 80 5 83 197
171p_0032.jpg 82 2 78 198
171p_0033.jpg 23 23 172 189
171p_0034.jpg 66 7 107 206
171p_0035.jpg 68 4 93 217
171p_0036.jpg 71 7 82 214
171p_0037.jpg 1 5 86 213
171p_0038.jpg 17 14 163 240
171p_0039.jpg 45 14 116 222
171p_0040.jpg 57 4 119 194
171p_0041.jpg 13 20 171 234
171p_0042.jpg 7 8 150 285
171p_0043.jpg 6 5 189 241
171p_0044.jpg 38 26 126 228
171p_0045.jpg 19 15 193 381
171p_0046.jpg 112 16 158 378
171p_0047.jpg 127 21 141 358
171p_0048.jpg 48 6 285 391
171p_0049.jpg 9 10 300 383
171p_0050.jpg 116 19 150 204
