174a_0001.jpg 2 19 148 111
174a_0002.jpg 1 3 397 355
174a_0003.jpg 4 4 333 260
174a_0004.jpg 9 73 385 254
174a_0005.jpg 8 34 150 128
174a_0006.jpg 1 1 168 113
174a_0007.jpg 30 86 325 178
174a_0008.jpg 44 99 285 291
174a_0009.jpg 36 14 304 142
174a_0009.jpg 57 190 284 202
174a_0010.jpg 63 13 162 156
174a_0011.jpg 84 59 112 111
174a_0012.jpg 77 58 175 140
174a_0013.jpg 31 44 212 141
174a_0014.jpg 69 59 127 130
174a_0015.jpg 18 16 177 140
174a_0016.jpg 8 10 118 114
174a_0017.jpg 14 14 254 155
174a_0018.jpg 8 17 193 215
174a_0019.jpg 25 56 174 116
174a_0020.jpg 6 17 197 212
174a_0021.jpg 28 16 171 148
174a_0022.jpg 33 34 183 129
174a_0023.jpg 5 9 275 162
174a_0024.jpg 6 19 211 180
174a_0025.jpg 38 14 179 183
174a_0026.jpg 2 14 185 181
174a_0027.jpg 21 18 219 168
174a_0028.jpg 69 74 178 113
174a_0029.jpg 23 34 196 152
174a_0030.jpg 19 15 152 157
174a_0031.jpg 31 42 194 117
174a_0032.jpg 33 22 192 181
174a_0033.jpg 64 7 194 179
174a_0034.jpg 13 11 216 185
174a_0035.jpg 18 2 223 195
174a_0036.jpg 6 30 214 158
174a_0037.jpg 12 15 202 191
174a_0038.jpg 7 4 284 167
174a_0039.jpg 21 13 197 205
174a_0040.jpg 57 31 148 141
174a_0041.jpg 7 43 211 165
174a_0042.jpg 16 11 197 185
174a_0043.jpg 9 11 118 142
174a_0044.jpg 14 9 356 245
174a_0045.jpg 47 25 306 220
174a_0046.jpg 5 5 357 385
174a_0047.jpg 4 11 381 374
174a_0048.jpg 3 45 387 304
174a_0049.jpg 14 37 344 283
174a_0050.jpg 15 6 382 251
174p_0001.jpg 24 13 280 243
174p_0002.jpg 1 20 133 128
174p_0003.jpg 7 7 157 143
174p_0004.jpg 12 13 268 200
174p_0005.jpg 29 19 283 281
174p_0006.jpg 4 20 168 148
174p_0007.jpg 19 17 239 208
174p_0008.jpg 100 15 174 145
174p_0009.jpg 12 6 172 146
174p_0010.jpg 15 18 183 162
174p_0011.jpg 146 29 218 227
174p_0012.jpg 14 2 114 137
174p_0013.jpg 26 10 292 286
174p_0014.jpg 131 72 207 158
174p_0015.jpg 30 29 169 124
174p_0016.jpg 13 7 128 134
174p_0017.jpg 13 30 138 143
174p_0018.jpg 29 7 118 93
174p_0019.jpg 27 19 166 120
174p_0020.jpg 4 4 151 121
174p_0021.jpg 5 4 144 113
174p_0022.jpg 51 3 99 109
174p_0023.jpg 11 17 92 72
174p_0024.jpg 9 11 102 87
174p_0025.jpg 5 6 119 97
174p_0026.jpg 17 2 113 120
174p_0027.jpg 19 14 242 172
174p_0028.jpg 52 19 212 166
174p_0029.jpg 11 14 282 226
174p_0030.jpg 28 9 92 94
174p_0031.jpg 68 8 116 89
174p_0032.jpg 2 10 88 85
174p_0033.jpg 3 2 124 125
174p_0034.jpg 8 11 130 103
174p_0035.jpg 60 2 117 101
174p_0036.jpg 40 24 88 67
174p_0037.jpg 117 9 230 257
174p_0038.jpg 43 14 120 109
174p_0039.jpg 68 13 293 315
174p_0040.jpg 39 23 178 168
174p_0041.jpg 49 14 139 156
174p_0042.jpg 60 18 173 150
174p_0043.jpg 24 22 229 150
174p_0044.jpg 36 36 214 134
174p_0045.jpg 69 21 296 235
174p_0046.jpg 166 82 139 110
174p_0047.jpg 91 80 295 228
174p_0048.jpg 62 38 300 279
174p_0049.jpg 20 37 274 234
174p_0050.jpg 118 65 176 173
