201a_0001.jpg 37 33 323 327
201a_0002.jpg 21 11 120 126
201a_0003.jpg 7 4 218 213
201a_0004.jpg 24 13 187 196
201a_0005.jpg 5 3 224 210
201a_0006.jpg 62 11 174 166
201a_0007.jpg 72 71 262 255
201a_0008.jpg 4 6 380 379
201a_0009.jpg 28 19 330 351
201a_0010.jpg 43 106 188 202
201a_0011.jpg 8 7 284 253
201a_0012.jpg 6 49 349 422
201a_0013.jpg 23 20 347 339
201a_0014.jpg 4 10 385 376
201a_0015.jpg 63 27 202 187
201a_0016.jpg 5 24 370 359
201a_0017.jpg 24 32 357 361
201a_0018.jpg 6 5 278 295
201a_0019.jpg 86 154 309 320
201a_0020.jpg 111 23 149 139
201a_0021.jpg 8 6 227 201
201a_0022.jpg 5 5 241 194
201a_0023.jpg 28 19 173 181
201a_0024.jpg 34 45 172 149
201a_0025.jpg 48 11 276 246
201a_0026.jpg 55 51 305 290
201a_0027.jpg 20 10 191 201
201a_0028.jpg 15 13 372 367
201a_0029.jpg 131 177 230 220
201a_0030.jpg 58 4 280 293
201a_0031.jpg 9 6 378 369
201a_0032.jpg 27 12 228 266
201a_0033.jpg 15 11 378 381
201a_0034.jpg 79 43 237 236
201a_0035.jpg 4 7 390 339
201a_0036.jpg 16 27 370 346
201a_0037.jpg 67 17 305 246
201a_0038.jpg 36 42 319 293
201a_0039.jpg 16 13 305 309
201a_0040.jpg 22 21 320 293
201a_0041.jpg 16 13 382 379
201a_0042.jpg 27 21 348 335
201a_0043.jpg 8 7 384 322
201a_0044.jpg 5 5 388 400
201a_0045.jpg 18 80 348 270
201a_0046.jpg 3 22 389 373
201a_0047.jpg 16 14 377 352
201a_0048.jpg 7 8 340 264
201a_0049.jpg 18 10 318 363
201a_0050.jpg 22 10 352 347
201a_0051.jpg 6 23 391 372
201a_0052.jpg 11 6 384 405
201p_0001.jpg 48 48 215 196
201p_0002.jpg 8 9 277 287
201p_0003.jpg 14 12 277 272
201p_0004.jpg 9 8 281 275
201p_0005.jpg 33 107 212 188
201p_0006.jpg 28 20 236 264
201p_0007.jpg 9 45 253 232
201p_0008.jpg 8 14 198 278
201p_0009.jpg 18 18 251 258
201p_0010.jpg 20 8 268 235
201p_0011.jpg 9 13 270 274
201p_0012.jpg 51 51 192 200
201p_0013.jpg 56 10 191 182
201p_0014.jpg 17 30 248 248
201p_0015.jpg 16 10 246 248
201p_0016.jpg 10 6 286 270
201p_0017.jpg 17 8 273 261
201p_0018.jpg 11 19 270 265
201p_0019.jpg 6 3 279 295
201p_0020.jpg 33 12 239 209
201p_0021.jpg 48 40 321 320
201p_0022.jpg 6 12 238 229
201p_0023.jpg 20 20 367 334
201p_0024.jpg 65 9 245 257
201p_0025.jpg 28 27 343 295
201p_0026.jpg 92 21 244 245
201p_0027.jpg 6 14 215 205
201p_0028.jpg 84 26 143 135
201p_0029.jpg 16 11 201 179
201p_0030.jpg 54 4 188 167
201p_0031.jpg 70 8 260 254
201p_0032.jpg 66 102 231 227
201p_0033.jpg 28 28 343 337
201p_0034.jpg 22 18 355 332
201p_0035.jpg 63 54 267 228
201p_0036.jpg 9 18 380 359
201p_0037.jpg 79 13 278 280
201p_0038.jpg 73 14 273 274
201p_0039.jpg 55 3 276 262
201p_0040.jpg 106 50 206 205
201p_0041.jpg 30 13 270 234
201p_0042.jpg 99 68 278 191
201p_0043.jpg 105 64 191 165
201p_0044.jpg 49 31 281 241
201p_0045.jpg 88 20 219 232
201p_0046.jpg 35 3 282 283
201p_0047.jpg 115 71 207 199
201p_0048.jpg 83 10 267 257
201p_0049.jpg 35 29 334 296
201p_0050.jpg 19 26 359 348
