204a_0001.jpg 113 8 179 175
204a_0002.jpg 51 50 292 311
204a_0003.jpg 59 78 274 220
204a_0004.jpg 35 31 330 338
204a_0005.jpg 115 19 281 284
204a_0006.jpg 17 6 173 248
204a_0007.jpg 101 31 140 147
204a_0008.jpg 53 19 148 126
204a_0009.jpg 17 20 165 161
204a_0010.jpg 14 12 68 64
204a_0010.jpg 135 30 45 49
204a_0011.jpg 22 7 161 160
204a_0012.jpg 20 15 106 109
204a_0012.jpg 123 47 93 93
204a_0013.jpg 38 71 131 120
204a_0014.jpg 86 9 221 225
204a_0015.jpg 63 23 136 137
204a_0016.jpg 29 29 146 179
204a_0017.jpg 35 9 186 215
204a_0018.jpg 9 8 209 208
204a_0019.jpg 31 19 94 108
204a_0020.jpg 16 8 115 116
204a_0021.jpg 7 28 195 218
204a_0022.jpg 15 18 188 182
204a_0023.jpg 25 10 205 178
204a_0024.jpg 12 5 161 195
204a_0025.jpg 22 20 150 153
204a_0026.jpg 4 5 224 204
204a_0027.jpg 10 5 193 203
204a_0028.jpg 27 9 196 180
204a_0029.jpg 8 5 261 174
204a_0030.jpg 17 16 191 201
204a_0031.jpg 10 5 155 135
204a_0032.jpg 25 9 203 174
204a_0033.jpg 30 5 175 139
204a_0034.jpg 10 14 154 173
204a_0035.jpg 23 14 178 167
204a_0036.jpg 32 44 152 161
204a_0037.jpg 49 12 145 156
204a_0038.jpg 19 15 175 147
204a_0039.jpg 19 16 171 222
204a_0040.jpg 9 4 166 177
204a_0041.jpg 3 2 190 244
204a_0042.jpg 55 8 127 145
204a_0043.jpg 14 3 163 181
204a_0044.jpg 56 22 117 114
204a_0045.jpg 28 16 132 137
204a_0046.jpg 20 16 173 174
204a_0047.jpg 36 27 113 126
204a_0048.jpg 10 12 174 178
204a_0049.jpg 75 78 74 68
204a_0050.jpg 32 32 164 167
204a_0051.jpg 98 8 286 296
204a_0052.jpg 71 71 280 260
204a_0053.jpg 36 27 317 327
204a_0054.jpg 108 43 196 174
204a_0055.jpg 22 18 360 362
204a_0055.jpg 15 356 105 114
204a_0055.jpg 125 381 118 108
204a_0055.jpg 259 354 125 135
204a_0056.jpg 62 106 300 352
204a_0057.jpg 81 126 280 305
204a_0058.jpg 7 7 229 221
204a_0059.jpg 103 17 164 208
204a_0060.jpg 100 5 291 280
204a_0061.jpg 2 13 392 365
204a_0062.jpg 117 66 182 215
204a_0063.jpg 51 13 280 250
204a_0064.jpg 86 18 222 218
204p_0001.jpg 55 13 202 182
204p_0002.jpg 52 14 171 153
204p_0003.jpg 20 33 159 157
204p_0004.jpg 4 7 144 164
204p_0005.jpg 31 14 173 181
204p_0006.jpg 52 43 136 146
204p_0007.jpg 64 7 184 181
204p_0008.jpg 45 15 199 204
204p_0009.jpg 37 28 245 249
204p_0010.jpg 79 26 139 173
204p_0011.jpg 32 52 187 195
204p_0012.jpg 7 6 279 214
204p_0013.jpg 21 52 114 134
204p_0013.jpg 202 2 37 38
204p_0014.jpg 102 21 127 134
204p_0015.jpg 48 26 218 187
204p_0016.jpg 8 7 277 277
204p_0017.jpg 31 11 248 239
204p_0018.jpg 125 66 95 86
204p_0019.jpg 67 29 183 187
204p_0019.jpg 32 111 19 28
204p_0019.jpg 260 88 37 42
204p_0020.jpg 39 66 162 168
204p_0021.jpg 13 25 197 192
204p_0022.jpg 31 15 149 159
204p_0023.jpg 32 32 108 116
204p_0024.jpg 15 9 180 201
204p_0025.jpg 20 50 180 199
204p_0026.jpg 81 7 199 189
204p_0027.jpg 33 24 206 210
204p_0028.jpg 28 6 251 217
204p_0029.jpg 22 14 270 278
204p_0030.jpg 18 26 268 258
204p_0031.jpg 11 8 281 284
204p_0032.jpg 29 25 241 249
204p_0033.jpg 62 20 139 147
204p_0034.jpg 81 5 191 200
204p_0035.jpg 12 7 279 284
204p_0036.jpg 20 9 238 269
204p_0037.jpg 94 7 158 176
204p_0038.jpg 9 9 276 253
204p_0039.jpg 29 48 157 159
204p_0040.jpg 30 7 245 215
204p_0041.jpg 8 12 207 240
204p_0042.jpg 23 6 262 224
204p_0043.jpg 29 10 256 280
204p_0044.jpg 86 42 208 190
204p_0045.jpg 88 9 137 133
204p_0045.jpg 9 95 54 56
204p_0046.jpg 43 18 160 157
204p_0047.jpg 53 26 201 227
204p_0048.jpg 143 54 178 182
204p_0049.jpg 68 27 255 252
204p_0050.jpg 35 87 321 327
204p_0051.jpg 50 99 102 137
204p_0051.jpg 167 8 201 194
204p_0052.jpg 19 16 219 204
