205a_0001.jpg 9 4 213 284
205a_0002.jpg 9 3 284 213
205a_0003.jpg 6 14 128 141
205a_0004.jpg 21 23 131 135
205a_0005.jpg 20 109 363 413
205a_0006.jpg 18 21 351 428
205a_0007.jpg 27 9 150 146
205a_0008.jpg 15 3 357 660
205a_0009.jpg 70 32 222 493
205a_0010.jpg 4 5 390 543
205a_0011.jpg 31 17 345 610
205a_0012.jpg 5 7 83 204
205a_0013.jpg 9 15 181 223
205a_0014.jpg 4 13 232 187
205a_0015.jpg 30 6 140 277
205a_0016.jpg 49 20 95 214
205a_0017.jpg 2 2 219 220
205a_0018.jpg 15 13 154 255
205a_0019.jpg 4 2 205 239
205a_0020.jpg 134 19 134 270
205a_0021.jpg 130 10 158 407
205a_0022.jpg 67 2 115 219
205a_0023.jpg 13 3 237 188
205a_0024.jpg 16 12 153 255
205a_0025.jpg 8 6 186 246
205a_0026.jpg 39 27 130 146
205a_0027.jpg 13 27 164 207
205a_0028.jpg 64 36 166 133
205a_0029.jpg 53 60 84 202
205a_0030.jpg 15 17 105 185
205a_0031.jpg 63 5 100 220
205a_0032.jpg 23 31 259 358
205a_0033.jpg 45 15 334 470
205a_0034.jpg 22 34 167 329
205a_0035.jpg 299 15 97 267
205a_0036.jpg 20 29 357 538
205a_0037.jpg 100 32 277 521
205a_0038.jpg 26 9 341 468
205a_0039.jpg 77 6 260 560
205a_0040.jpg 23 18 294 517
205a_0041.jpg 39 17 357 863
205a_0042.jpg 101 17 216 551
205a_0043.jpg 29 17 353 589
205a_0044.jpg 11 54 368 489
205a_0045.jpg 63 108 310 397
205a_0046.jpg 35 45 338 452
205a_0047.jpg 32 51 331 454
205a_0048.jpg 62 23 259 482
205a_0049.jpg 149 67 103 191
205a_0050.jpg 101 134 273 426
205p_0001.jpg 54 50 219 508
205p_0002.jpg 9 78 385 484
205p_0003.jpg 36 15 353 511
205p_0004.jpg 164 20 71 205
205p_0005.jpg 80 7 239 519
205p_0006.jpg 84 52 278 590
205p_0007.jpg 135 44 197 520
205p_0008.jpg 124 14 173 513
205p_0009.jpg 121 45 206 564
205p_0010.jpg 56 58 301 665
205p_0011.jpg 64 13 124 175
205p_0012.jpg 101 9 185 158
205p_0013.jpg 95 8 154 165
205p_0014.jpg 110 14 168 238
205p_0015.jpg 47 24 116 238
205p_0016.jpg 30 7 185 185
205p_0017.jpg 58 17 88 225
205p_0018.jpg 64 54 142 134
205p_0019.jpg 9 9 179 239
205p_0020.jpg 25 11 272 146
205p_0021.jpg 90 10 72 164
205p_0022.jpg 45 5 104 252
205p_0023.jpg 42 29 108 239
205p_0024.jpg 80 17 172 168
205p_0025.jpg 22 19 175 221
205p_0026.jpg 15 11 172 253
205p_0027.jpg 53 24 86 249
205p_0028.jpg 7 7 212 218
205p_0029.jpg 60 24 91 223
205p_0030.jpg 66 7 194 171
205p_0031.jpg 60 8 189 156
205p_0032.jpg 172 16 82 155
205p_0033.jpg 68 15 102 248
205p_0034.jpg 29 30 126 247
205p_0035.jpg 59 27 64 208
205p_0036.jpg 26 18 151 256
205p_0037.jpg 28 12 186 211
205p_0038.jpg 257 5 121 255
205p_0039.jpg 66 11 321 532
205p_0040.jpg 83 13 260 694
205p_0041.jpg 62 58 277 514
205p_0042.jpg 98 9 194 381
205p_0043.jpg 26 53 341 615
205p_0044.jpg 34 13 358 194
205p_0045.jpg 147 15 242 600
205p_0046.jpg 37 88 347 506
205p_0047.jpg 159 35 95 206
205p_0048.jpg 28 67 362 530
205p_0049.jpg 112 77 144 367
205p_0050.jpg 32 51 362 539
