207a_0001.jpg 78 45 223 114
207a_0002.jpg 32 28 356 190
207a_0003.jpg 45 77 256 126
207a_0004.jpg 19 49 187 119
207a_0005.jpg 82 20 159 92
207a_0006.jpg 54 49 126 59
207a_0007.jpg 16 28 175 88
207a_0008.jpg 10 57 184 122
207a_0009.jpg 9 3 209 200
207a_0010.jpg 72 22 147 129
207a_0011.jpg 59 26 181 109
207a_0012.jpg 11 17 382 262
207a_0013.jpg 67 8 153 142
207a_0014.jpg 21 16 214 120
207a_0015.jpg 20 22 221 140
207a_0016.jpg 47 21 176 109
207a_0017.jpg 36 22 211 107
207a_0018.jpg 29 10 234 123
207a_0019.jpg 13 20 243 135
207a_0020.jpg 141 93 77 53
207a_0021.jpg 35 20 178 101
207a_0022.jpg 65 20 149 126
207a_0023.jpg 22 45 180 98
207a_0024.jpg 82 65 182 99
207a_0025.jpg 115 19 128 112
207a_0026.jpg 84 30 156 81
207a_0027.jpg 90 25 129 90
207a_0028.jpg 37 26 185 117
207a_0029.jpg 33 33 169 140
207a_0030.jpg 65 53 136 81
207a_0031.jpg 51 27 159 102
207a_0032.jpg 47 44 170 93
207a_0033.jpg 46 65 127 75
207a_0034.jpg 48 59 200 116
207a_0035.jpg 54 21 199 135
207a_0036.jpg 11 9 207 205
207a_0037.jpg 24 10 214 165
207a_0038.jpg 10 17 256 155
207a_0039.jpg 25 13 185 156
207a_0040.jpg 13 15 207 178
207a_0041.jpg 45 23 174 150
207a_0042.jpg 22 13 196 155
207a_0043.jpg 40 3 156 131
207a_0044.jpg 7 4 145 159
207a_0045.jpg 100 42 148 79
207a_0046.jpg 20 12 162 207
207a_0047.jpg 33 24 265 192
207a_0048.jpg 24 91 319 186
207a_0048.jpg 302 9 83 60
207a_0049.jpg 36 7 139 116
207a_0050.jpg 81 21 223 246
207a_0051.jpg 35 15 329 256
207a_0052.jpg 26 32 223 170
207p_0001.jpg 62 61 243 125
207p_0002.jpg 97 97 259 119
207p_0003.jpg 131 72 193 95
207p_0004.jpg 161 97 101 67
207p_0005.jpg 22 57 340 185
207p_0006.jpg 145 88 148 90
207p_0007.jpg 53 55 320 182
207p_0008.jpg 59 125 251 311
207p_0009.jpg 12 55 341 170
207p_0010.jpg 17 30 325 200
207p_0011.jpg 33 55 204 290
207p_0012.jpg 108 85 202 105
207p_0013.jpg 116 71 207 174
207p_0014.jpg 13 35 349 190
207p_0015.jpg 97 10 242 280
207p_0016.jpg 54 31 323 215
207p_0017.jpg 10 8 182 101
207p_0018.jpg 8 11 261 150
207p_0019.jpg 71 33 90 119
207p_0020.jpg 22 25 331 207
207p_0021.jpg 13 10 377 243
207p_0022.jpg 5 51 346 223
207p_0023.jpg 6 17 166 91
207p_0024.jpg 93 43 250 155
207p_0025.jpg 87 16 227 221
207p_0026.jpg 34 21 294 160
207p_0027.jpg 103 99 180 102
207p_0028.jpg 148 59 174 103
207p_0029.jpg 17 54 316 195
207p_0030.jpg 36 57 327 147
207p_0031.jpg 113 56 97 89
207p_0032.jpg 76 49 197 81
207p_0033.jpg 142 73 216 144
207p_0034.jpg 74 26 149 152
207p_0035.jpg 34 46 293 192
207p_0036.jpg 60 18 310 183
207p_0037.jpg 92 10 266 141
207p_0037.jpg 142 68 142 173
207p_0038.jpg 60 23 291 133
207p_0039.jpg 72 55 287 238
207p_0040.jpg 70 41 155 105
207p_0041.jpg 59 20 108 109
207p_0042.jpg 93 48 125 83
207p_0043.jpg 6 13 261 133
207p_0044.jpg 93 60 308 182
207p_0045.jpg 25 31 358 229
207p_0046.jpg 29 53 265 158
207p_0047.jpg 76 70 246 150
207p_0048.jpg 196 61 166 127
207p_0049.jpg 41 149 131 86
207p_0049.jpg 194 170 74 84
207p_0050.jpg 28 51 262 161
