212a_0001.jpg 19 37 351 251
212a_0002.jpg 40 50 310 232
212a_0003.jpg 81 53 230 142
212a_0004.jpg 86 38 283 302
212a_0005.jpg 26 100 357 229
212a_0006.jpg 4 73 393 278
212a_0007.jpg 5 5 394 259
212a_0008.jpg 4 6 394 258
212a_0009.jpg 5 60 393 231
212a_0010.jpg 33 91 326 218
212a_0011.jpg 23 81 370 257
212a_0012.jpg 22 43 350 255
212a_0013.jpg 47 34 228 217
212a_0014.jpg 28 3 362 252
212a_0015.jpg 26 93 371 237
212a_0016.jpg 17 27 369 248
212a_0017.jpg 21 15 368 261
212a_0018.jpg 77 25 214 183
212a_0019.jpg 4 2 392 280
212a_0020.jpg 40 17 314 248
212a_0021.jpg 11 7 341 221
212a_0022.jpg 12 17 379 299
212a_0023.jpg 10 10 382 330
212a_0024.jpg 8 52 381 280
212a_0025.jpg 15 11 241 172
212a_0026.jpg 36 56 346 282
212a_0027.jpg 26 25 252 244
212a_0028.jpg 35 70 314 217
212a_0029.jpg 42 52 250 194
212a_0030.jpg 23 29 348 431
212a_0031.jpg 10 7 384 294
212a_0032.jpg 55 49 313 277
212a_0033.jpg 30 40 329 244
212a_0034.jpg 34 42 323 238
212a_0035.jpg 6 7 387 291
212a_0036.jpg 26 71 254 176
212a_0037.jpg 34 32 320 232
212a_0038.jpg 22 33 347 400
212a_0039.jpg 54 156 180 140
212a_0040.jpg 74 106 292 234
212a_0041.jpg 12 39 366 238
212a_0042.jpg 7 37 386 266
212a_0043.jpg 64 75 277 158
212a_0044.jpg 13 16 383 307
212a_0045.jpg 10 15 366 242
212a_0046.jpg 8 32 386 283
212a_0047.jpg 36 50 317 234
212a_0048.jpg 18 16 373 288
212a_0049.jpg 30 6 306 243
212a_0050.jpg 9 2 383 215
212a_0051.jpg 60 21 309 212
212a_0052.jpg 79 26 250 224
212a_0053.jpg 5 24 385 255
212a_0054.jpg 19 17 369 275
212a_0055.jpg 4 26 392 331
212a_0056.jpg 18 18 363 237
212a_0057.jpg 23 66 355 213
212a_0058.jpg 69 85 250 207
212a_0059.jpg 35 21 335 213
212a_0060.jpg 6 3 391 269
212a_0061.jpg 11 9 386 263
212a_0062.jpg 48 43 305 210
212a_0063.jpg 21 16 361 243
212a_0064.jpg 19 14 342 289
212a_0065.jpg 21 35 337 329
212a_0066.jpg 15 59 333 245
212a_0067.jpg 4 3 387 338
212a_0068.jpg 15 35 376 266
212a_0069.jpg 69 42 259 204
212a_0070.jpg 48 61 298 186
212p_0001.jpg 11 15 374 279
212p_0002.jpg 51 13 335 235
212p_0003.jpg 28 277 180 116
212p_0004.jpg 9 30 180 132
212p_0005.jpg 8 18 231 183
212p_0006.jpg 50 13 347 395
212p_0007.jpg 44 35 264 173
212p_0008.jpg 43 38 251 222
212p_0009.jpg 27 28 341 266
212p_0010.jpg 42 41 340 308
212p_0011.jpg 54 41 220 278
212p_0012.jpg 20 3 153 137
212p_0013.jpg 5 7 346 219
212p_0014.jpg 61 49 280 247
212p_0015.jpg 8 19 252 199
212p_0016.jpg 11 13 313 272
212p_0017.jpg 8 23 383 266
212p_0018.jpg 13 18 375 232
212p_0019.jpg 12 46 326 234
212p_0020.jpg 49 32 300 232
212p_0021.jpg 17 16 355 200
212p_0022.jpg 16 35 371 175
212p_0023.jpg 50 38 325 452
212p_0024.jpg 12 27 225 166
212p_0025.jpg 28 8 205 227
212p_0026.jpg 26 36 160 151
212p_0027.jpg 15 11 224 234
212p_0028.jpg 6 7 242 218
212p_0029.jpg 10 7 241 218
212p_0030.jpg 20 63 367 322
212p_0031.jpg 56 34 310 313
212p_0032.jpg 34 34 206 201
212p_0033.jpg 17 18 320 245
212p_0034.jpg 6 19 261 164
212p_0035.jpg 45 11 188 163
212p_0036.jpg 22 39 175 181
212p_0037.jpg 19 23 361 228
212p_0038.jpg 6 8 219 137
212p_0039.jpg 36 28 334 245
212p_0040.jpg 16 11 180 178
212p_0041.jpg 31 32 346 337
212p_0042.jpg 74 49 269 231
212p_0043.jpg 15 20 251 169
212p_0044.jpg 11 21 370 326
212p_0045.jpg 54 51 340 227
212p_0046.jpg 11 6 230 184
212p_0047.jpg 10 10 275 229
212p_0048.jpg 6 27 205 154
212p_0049.jpg 29 89 356 352
212p_0050.jpg 39 35 187 177
