213a_0001.jpg 112 35 182 227
213a_0002.jpg 13 6 201 207
213a_0003.jpg 8 15 188 223
213a_0004.jpg 5 3 205 236
213a_0005.jpg 60 8 150 174
213a_0006.jpg 20 2 187 223
213a_0007.jpg 55 41 252 315
213a_0008.jpg 5 6 303 340
213a_0009.jpg 63 5 280 393
213a_0010.jpg 10 4 386 395
213a_0011.jpg 62 16 280 359
213a_0012.jpg 71 46 270 320
213a_0013.jpg 60 3 338 434
213a_0014.jpg 5 41 376 488
213a_0015.jpg 6 4 391 730
213a_0016.jpg 6 5 392 448
213a_0017.jpg 6 7 393 475
213a_0018.jpg 11 10 384 419
213a_0019.jpg 47 7 314 389
213a_0020.jpg 43 6 320 391
213a_0021.jpg 5 5 224 305
213a_0022.jpg 10 8 389 566
213a_0023.jpg 6 5 259 294
213a_0024.jpg 57 13 207 272
213a_0025.jpg 67 27 243 346
213a_0026.jpg 6 9 391 461
213a_0027.jpg 61 17 280 360
213a_0028.jpg 58 26 287 347
213a_0029.jpg 18 28 364 434
213a_0030.jpg 11 14 243 278
213a_0031.jpg 16 22 363 395
213a_0032.jpg 72 5 306 256
213a_0033.jpg 7 15 390 387
213a_0034.jpg 50 50 321 511
213a_0035.jpg 29 7 230 290
213a_0036.jpg 4 4 396 372
213a_0037.jpg 19 11 360 348
213a_0038.jpg 26 24 246 307
213a_0039.jpg 21 12 378 520
213a_0040.jpg 58 74 193 228
213a_0041.jpg 6 6 394 538
213a_0042.jpg 8 44 389 437
213a_0043.jpg 38 6 324 277
213a_0044.jpg 14 24 375 398
213a_0045.jpg 12 3 277 316
213a_0046.jpg 50 63 309 330
213a_0047.jpg 64 13 292 383
213a_0048.jpg 50 13 310 370
213a_0049.jpg 51 18 310 370
213a_0050.jpg 8 12 386 486
213a_0051.jpg 35 6 339 397
213a_0052.jpg 82 69 246 310
213a_0053.jpg 31 3 341 394
213a_0054.jpg 56 31 310 325
213p_0001.jpg 38 9 289 346
213p_0002.jpg 22 18 239 259
213p_0003.jpg 10 17 385 434
213p_0004.jpg 26 20 365 404
213p_0005.jpg 26 31 230 310
213p_0006.jpg 23 12 262 277
213p_0007.jpg 37 33 124 151
213p_0008.jpg 13 27 163 175
213p_0009.jpg 52 25 217 239
213p_0010.jpg 75 11 285 385
213p_0011.jpg 4 3 208 241
213p_0012.jpg 12 10 329 310
213p_0013.jpg 9 3 390 400
213p_0014.jpg 10 6 181 171
213p_0015.jpg 23 7 199 180
213p_0016.jpg 8 6 277 324
213p_0017.jpg 11 8 382 467
213p_0018.jpg 6 5 199 191
213p_0019.jpg 27 6 188 232
213p_0020.jpg 9 8 387 416
213p_0021.jpg 8 6 181 219
213p_0022.jpg 8 10 390 379
213p_0023.jpg 12 7 384 426
213p_0024.jpg 33 7 343 386
213p_0025.jpg 5 19 309 371
213p_0026.jpg 14 31 379 336
213p_0027.jpg 78 25 258 330
213p_0028.jpg 25 13 218 280
213p_0029.jpg 24 10 187 200
213p_0030.jpg 17 9 362 361
213p_0031.jpg 23 20 226 328
213p_0032.jpg 5 8 385 415
213p_0033.jpg 38 8 335 388
213p_0034.jpg 31 43 340 339
213p_0035.jpg 18 11 363 361
213p_0036.jpg 42 38 327 336
213p_0037.jpg 54 7 270 314
213p_0038.jpg 13 12 274 227
213p_0039.jpg 39 12 333 369
213p_0040.jpg 3 11 389 428
213p_0041.jpg 15 9 380 429
213p_0042.jpg 48 31 318 329
213p_0043.jpg 42 14 260 285
213p_0044.jpg 51 48 344 371
213p_0045.jpg 15 16 275 277
213p_0046.jpg 75 31 242 296
213p_0047.jpg 59 24 293 333
213p_0048.jpg 25 19 358 355
213p_0049.jpg 42 38 318 386
213p_0050.jpg 10 25 376 358
