214a_0001.jpg 55 45 311 477
214a_0002.jpg 41 65 104 105
214a_0003.jpg 99 59 82 77
214a_0003.jpg 159 69 31 47
214a_0003.jpg 187 76 20 28
214a_0004.jpg 56 57 139 128
214a_0005.jpg 17 34 180 206
214a_0006.jpg 9 20 180 239
214a_0007.jpg 13 18 195 219
214a_0008.jpg 37 24 158 187
214a_0009.jpg 10 23 188 224
214a_0010.jpg 9 9 186 250
214a_0011.jpg 8 9 197 234
214a_0012.jpg 56 8 179 181
214a_0013.jpg 47 19 345 395
214a_0014.jpg 30 34 165 214
214a_0015.jpg 41 6 107 122
214a_0016.jpg 28 38 144 116
214a_0017.jpg 6 32 174 201
214a_0018.jpg 51 27 133 167
214a_0019.jpg 18 28 207 190
214a_0020.jpg 8 22 147 176
214a_0021.jpg 65 12 95 137
214a_0022.jpg 55 20 59 116
214a_0023.jpg 49 24 123 141
214a_0024.jpg 19 24 191 196
214a_0025.jpg 29 75 80 119
214a_0026.jpg 76 30 131 139
214a_0027.jpg 4 34 97 102
214a_0027.jpg 223 70 36 45
214a_0027.jpg 141 80 30 28
214a_0027.jpg 74 69 26 31
214a_0027.jpg 194 82 23 25
214a_0028.jpg 12 21 163 246
214a_0029.jpg 73 87 58 66
214a_0029.jpg 129 92 54 58
214a_0030.jpg 109 118 56 78
214a_0031.jpg 8 25 130 171
214a_0031.jpg 2 27 59 165
214a_0032.jpg 46 63 55 64
214a_0032.jpg 132 55 97 93
214a_0032.jpg 193 50 56 83
214a_0033.jpg 43 52 111 172
214a_0034.jpg 27 13 160 220
214a_0034.jpg 141 75 69 109
214a_0035.jpg 22 10 187 199
214a_0036.jpg 29 37 165 203
214a_0037.jpg 27 37 163 176
214a_0038.jpg 6 18 184 238
214a_0039.jpg 22 24 196 183
214a_0040.jpg 5 54 192 191
214a_0041.jpg 19 51 162 178
214a_0042.jpg 43 15 165 177
214a_0043.jpg 53 26 130 181
214a_0044.jpg 9 40 176 187
214a_0045.jpg 28 23 174 198
214a_0046.jpg 112 21 119 135
214a_0047.jpg 24 41 273 321
214a_0048.jpg 15 14 380 519
214a_0049.jpg 19 16 367 398
214a_0050.jpg 15 5 166 257
214p_0001.jpg 32 111 348 360
214p_0002.jpg 44 140 352 335
214p_0003.jpg 13 37 166 196
214p_0004.jpg 83 44 188 196
214p_0005.jpg 38 99 339 462
214p_0006.jpg 120 72 146 221
214p_0007.jpg 16 140 369 409
214p_0008.jpg 44 117 279 280
214p_0009.jpg 256 42 137 190
214p_0010.jpg 28 121 328 340
214p_0011.jpg 32 228 344 319
214p_0012.jpg 23 50 211 196
214p_0013.jpg 34 205 337 336
214p_0014.jpg 19 226 361 330
214p_0015.jpg 42 84 180 143
214p_0016.jpg 137 62 118 105
214p_0017.jpg 19 53 119 129
214p_0018.jpg 51 130 150 136
214p_0019.jpg 110 75 168 142
214p_0020.jpg 52 119 146 143
214p_0021.jpg 12 26 134 140
214p_0022.jpg 12 60 148 134
214p_0023.jpg 85 18 184 203
214p_0024.jpg 46 95 213 230
214p_0025.jpg 7 35 183 202
214p_0026.jpg 118 58 193 164
214p_0027.jpg 32 137 351 295
214p_0028.jpg 117 325 184 222
214p_0028.jpg 239 380 126 168
214p_0029.jpg 24 83 234 256
214p_0030.jpg 52 250 326 317
214p_0031.jpg 184 41 138 174
214p_0032.jpg 136 69 133 157
214p_0033.jpg 10 81 205 239
214p_0034.jpg 70 75 149 170
214p_0034.jpg 211 100 118 111
214p_0034.jpg 296 115 55 87
214p_0035.jpg 78 42 226 252
214p_0036.jpg 15 125 81 94
214p_0036.jpg 56 41 247 215
214p_0036.jpg 291 145 83 77
214p_0037.jpg 35 44 145 173
214p_0038.jpg 17 37 158 197
214p_0039.jpg 48 27 163 167
214p_0040.jpg 10 38 184 182
214p_0041.jpg 19 25 158 186
214p_0042.jpg 100 54 241 325
214p_0043.jpg 97 100 294 330
214p_0044.jpg 6 86 281 263
214p_0045.jpg 40 53 213 181
214p_0046.jpg 110 48 182 205
214p_0047.jpg 4 33 267 317
214p_0048.jpg 109 13 210 262
214p_0049.jpg 49 97 321 386
214p_0050.jpg 64 30 275 360
214p_0051.jpg 65 170 260 187
214p_0052.jpg 81 134 271 257
214p_0053.jpg 60 93 332 320
214p_0054.jpg 25 21 258 166
214p_0054.jpg 198 57 104 120
