225a_0001.jpg 12 9 101 281
225a_0002.jpg 111 129 191 367
225a_0003.jpg 72 55 188 235
225a_0004.jpg 129 131 145 480
225a_0005.jpg 81 23 225 618
225a_0006.jpg 37 45 115 339
225a_0007.jpg 74 10 59 145
225a_0008.jpg 14 41 62 158
225a_0009.jpg 10 28 93 239
225a_0010.jpg 45 27 136 245
225a_0011.jpg 2 23 79 217
225a_0012.jpg 19 29 100 271
225a_0013.jpg 18 10 227 336
225a_0014.jpg 38 51 231 327
225a_0015.jpg 64 5 201 262
225a_0016.jpg 48 11 93 226
225a_0017.jpg 55 28 83 214
225a_0018.jpg 76 14 67 186
225a_0019.jpg 67 50 56 173
225a_0020.jpg 23 10 129 246
225a_0021.jpg 58 13 84 235
225a_0022.jpg 40 3 103 261
225a_0023.jpg 52 21 113 228
225a_0024.jpg 47 13 85 203
225a_0025.jpg 48 22 120 132
225a_0026.jpg 46 12 89 207
225a_0027.jpg 66 24 99 192
225a_0028.jpg 91 17 135 170
225a_0029.jpg 53 13 88 150
225a_0030.jpg 11 7 152 227
225a_0031.jpg 5 2 177 266
225a_0032.jpg 92 40 67 149
225a_0033.jpg 38 18 141 216
225a_0034.jpg 56 3 118 218
225a_0035.jpg 55 2 134 249
225a_0036.jpg 59 48 83 186
225a_0037.jpg 43 16 109 236
225a_0038.jpg 9 9 163 251
225a_0039.jpg 40 70 240 654
225a_0040.jpg 147 121 106 281
225a_0041.jpg 159 117 63 189
225a_0042.jpg 10 8 105 240
225a_0043.jpg 31 115 225 437
225a_0044.jpg 105 3 229 527
225a_0045.jpg 142 36 236 552
225a_0046.jpg 16 9 157 348
225a_0047.jpg 111 46 245 493
225a_0048.jpg 65 43 114 284
225a_0049.jpg 16 10 64 163
225a_0049.jpg 136 10 77 164
225a_0049.jpg 281 77 117 123
225a_0050.jpg 175 143 132 325
225p_0001.jpg 109 79 149 410
225p_0002.jpg 91 38 72 222
225p_0003.jpg 81 71 67 158
225p_0004.jpg 111 87 183 503
225p_0005.jpg 44 23 67 92
225p_0006.jpg 144 23 230 564
225p_0007.jpg 107 20 226 620
225p_0008.jpg 47 37 98 256
225p_0009.jpg 88 31 57 188
225p_0010.jpg 60 3 98 303
225p_0011.jpg 50 12 103 276
225p_0012.jpg 41 10 64 166
225p_0013.jpg 147 59 120 383
225p_0014.jpg 167 9 216 557
225p_0015.jpg 81 20 270 579
225p_0016.jpg 60 35 219 551
225p_0017.jpg 71 30 102 261
225p_0018.jpg 227 42 91 283
225p_0019.jpg 99 58 66 173
225p_0020.jpg 86 9 262 705
225p_0021.jpg 51 25 67 157
225p_0022.jpg 21 17 129 340
225p_0023.jpg 121 81 185 482
225p_0024.jpg 100 12 112 268
225p_0025.jpg 116 43 245 528
225p_0026.jpg 93 58 92 252
225p_0027.jpg 37 37 92 216
225p_0028.jpg 71 20 107 289
225p_0029.jpg 34 19 67 200
225p_0030.jpg 50 100 292 740
225p_0031.jpg 89 33 178 478
225p_0032.jpg 48 41 76 307
225p_0033.jpg 82 51 69 167
225p_0034.jpg 88 8 75 183
225p_0035.jpg 49 69 75 222
225p_0036.jpg 23 37 136 311
225p_0037.jpg 115 47 96 227
225p_0038.jpg 97 100 130 369
225p_0039.jpg 55 125 127 336
225p_0040.jpg 96 66 162 501
225p_0041.jpg 173 73 197 467
225p_0042.jpg 227 87 128 402
225p_0043.jpg 54 13 86 248
225p_0044.jpg 95 25 84 205
225p_0045.jpg 66 46 54 150
225p_0046.jpg 8 18 172 239
225p_0047.jpg 87 38 75 218
225p_0048.jpg 65 93 151 375
225p_0049.jpg 239 10 139 275
225p_0050.jpg 55 45 161 462
