235a_0001.jpg 5 3 395 385
235a_0002.jpg 8 3 391 434
235a_0003.jpg 12 12 378 341
235a_0004.jpg 7 2 210 223
235a_0005.jpg 7 12 247 184
235a_0006.jpg 13 8 215 203
235a_0007.jpg 40 13 177 171
235a_0008.jpg 52 9 166 183
235a_0009.jpg 22 3 188 222
235a_0010.jpg 51 83 104 114
235a_0011.jpg 132 90 53 46
235a_0012.jpg 13 37 150 249
235a_0013.jpg 4 7 220 209
235a_0014.jpg 8 22 388 281
235a_0015.jpg 60 76 285 260
235a_0016.jpg 119 21 189 226
235a_0017.jpg 27 102 170 128
235a_0018.jpg 20 4 165 112
235a_0019.jpg 9 10 213 199
235a_0020.jpg 4 19 217 190
235a_0021.jpg 13 20 208 184
235a_0022.jpg 34 17 188 181
235a_0023.jpg 14 8 147 152
235a_0024.jpg 49 19 147 162
235a_0025.jpg 93 24 135 133
235a_0026.jpg 10 5 213 217
235a_0027.jpg 12 19 200 197
235a_0028.jpg 12 13 228 162
235a_0029.jpg 6 69 172 166
235a_0030.jpg 7 3 225 212
235a_0031.jpg 11 11 204 209
235a_0032.jpg 26 11 169 207
235a_0033.jpg 7 6 206 215
235a_0034.jpg 23 21 178 196
235a_0035.jpg 7 31 216 171
235a_0036.jpg 47 17 174 160
235a_0037.jpg 8 3 231 202
235a_0038.jpg 4 4 206 225
235a_0039.jpg 9 7 205 210
235a_0040.jpg 3 2 211 227
235a_0041.jpg 14 76 127 128
235a_0042.jpg 5 1 213 85
235a_0043.jpg 5 4 385 365
235a_0044.jpg 97 134 214 309
235a_0045.jpg 39 40 286 274
235a_0046.jpg 4 31 277 289
235a_0047.jpg 15 15 378 386
235a_0048.jpg 5 9 283 284
235a_0049.jpg 5 8 391 309
235a_0050.jpg 11 9 387 388
235p_0001.jpg 15 34 217 186
235p_0002.jpg 83 7 161 148
235p_0003.jpg 52 39 176 185
235p_0004.jpg 25 3 165 200
235p_0005.jpg 20 35 245 184
235p_0006.jpg 11 10 286 278
235p_0007.jpg 8 6 242 224
235p_0008.jpg 8 7 207 171
235p_0009.jpg 14 11 321 330
235p_0010.jpg 31 6 168 160
235p_0011.jpg 67 46 273 266
235p_0012.jpg 23 6 164 139
235p_0013.jpg 9 6 156 124
235p_0014.jpg 6 4 186 175
235p_0015.jpg 19 9 165 184
235p_0016.jpg 3 20 289 233
235p_0017.jpg 13 35 282 162
235p_0018.jpg 16 30 267 185
235p_0019.jpg 16 31 276 223
235p_0020.jpg 15 18 263 169
235p_0021.jpg 23 79 255 159
235p_0022.jpg 6 37 294 198
235p_0023.jpg 7 41 285 224
235p_0024.jpg 59 104 195 113
235p_0025.jpg 40 77 236 163
235p_0026.jpg 15 34 283 182
235p_0027.jpg 37 46 259 206
235p_0028.jpg 23 31 273 153
235p_0029.jpg 30 87 243 137
235p_0030.jpg 49 49 332 167
235p_0031.jpg 21 20 351 344
235p_0032.jpg 89 34 288 117
235p_0033.jpg 15 30 371 301
235p_0034.jpg 49 20 308 319
235p_0035.jpg 133 32 242 102
235p_0036.jpg 41 67 322 301
235p_0037.jpg 9 15 158 77
235p_0038.jpg 77 19 320 205
235p_0039.jpg 16 5 374 342
235p_0040.jpg 31 125 351 316
235p_0041.jpg 36 20 344 328
235p_0042.jpg 72 240 301 273
235p_0043.jpg 11 9 298 295
235p_0044.jpg 43 23 184 154
235p_0045.jpg 7 47 383 242
235p_0046.jpg 3 8 382 349
235p_0047.jpg 16 29 373 324
235p_0048.jpg 62 44 245 166
235p_0049.jpg 10 14 368 336
235p_0050.jpg 24 8 355 378
