239a_0001.jpg 83 37 239 330
239a_0002.jpg 6 11 143 142
239a_0003.jpg 30 10 343 385
239a_0004.jpg 35 6 333 389
239a_0005.jpg 90 38 232 305
239a_0006.jpg 5 4 392 582
239a_0007.jpg 37 32 223 234
239a_0008.jpg 5 6 236 289
239a_0009.jpg 41 5 204 201
239a_0010.jpg 25 15 193 198
239a_0011.jpg 74 48 253 327
239a_0012.jpg 11 26 161 195
239a_0013.jpg 4 4 187 254
239a_0014.jpg 45 25 147 180
239a_0015.jpg 43 36 134 147
239a_0016.jpg 3 3 119 145
239a_0017.jpg 3 32 189 223
239a_0018.jpg 2 2 104 109
239a_0019.jpg 5 4 186 256
239a_0020.jpg 13 10 171 233
239a_0021.jpg 107 19 187 264
239a_0022.jpg 96 71 93 108
239a_0023.jpg 5 1 176 233
239a_0024.jpg 18 8 140 186
239a_0025.jpg 10 6 179 248
239a_0026.jpg 15 14 169 221
239a_0027.jpg 5 9 167 240
239a_0028.jpg 6 9 177 244
239a_0029.jpg 16 5 196 216
239a_0030.jpg 5 4 176 199
239a_0031.jpg 3 2 188 258
239a_0032.jpg 2 4 198 247
239a_0033.jpg 38 37 156 181
239a_0034.jpg 27 5 123 151
239a_0035.jpg 21 12 160 222
239a_0036.jpg 4 5 139 155
239a_0037.jpg 39 30 148 167
239a_0038.jpg 4 1 204 239
239a_0039.jpg 3 3 117 151
239a_0040.jpg 45 38 136 140
239a_0041.jpg 72 116 266 326
239a_0042.jpg 13 18 378 527
239a_0043.jpg 8 5 384 442
239a_0044.jpg 36 8 332 389
239a_0045.jpg 70 5 296 340
239a_0046.jpg 10 9 277 299
239a_0047.jpg 56 15 212 208
239a_0048.jpg 13 10 236 232
239a_0049.jpg 72 18 235 309
239a_0050.jpg 58 19 228 258
239p_0001.jpg 5 14 138 176
239p_0002.jpg 19 11 175 239
239p_0003.jpg 6 3 154 194
239p_0004.jpg 56 3 217 294
239p_0005.jpg 11 9 381 492
239p_0006.jpg 9 7 150 211
239p_0007.jpg 17 93 349 434
239p_0008.jpg 63 112 331 416
239p_0009.jpg 38 10 183 241
239p_0010.jpg 4 6 201 271
239p_0011.jpg 14 5 235 320
239p_0012.jpg 21 5 214 292
239p_0013.jpg 6 5 166 242
239p_0014.jpg 35 10 135 182
239p_0015.jpg 11 10 193 277
239p_0016.jpg 56 41 204 264
239p_0017.jpg 31 4 124 173
239p_0018.jpg 33 12 132 177
239p_0019.jpg 9 9 224 310
239p_0020.jpg 12 8 224 286
239p_0021.jpg 22 10 165 233
239p_0022.jpg 11 14 224 278
239p_0023.jpg 31 24 90 117
239p_0024.jpg 4 6 195 283
239p_0025.jpg 28 5 139 203
239p_0026.jpg 4 8 391 519
239p_0027.jpg 78 18 212 280
239p_0027.jpg 347 73 48 49
239p_0028.jpg 53 14 279 348
239p_0029.jpg 70 27 255 363
239p_0030.jpg 84 20 236 332
239p_0031.jpg 6 41 356 489
239p_0032.jpg 9 3 379 524
239p_0033.jpg 14 30 355 472
239p_0034.jpg 20 22 352 479
239p_0035.jpg 29 11 167 211
239p_0036.jpg 2 4 202 239
239p_0037.jpg 6 9 179 250
239p_0038.jpg 9 14 172 231
239p_0039.jpg 29 27 341 467
239p_0040.jpg 12 7 371 532
239p_0041.jpg 6 6 390 494
239p_0042.jpg 45 36 310 410
239p_0043.jpg 6 10 392 549
239p_0044.jpg 8 5 388 533
239p_0045.jpg 85 18 151 220
239p_0046.jpg 50 19 314 366
239p_0047.jpg 12 8 226 327
239p_0048.jpg 23 43 358 464
239p_0049.jpg 6 14 386 483
239p_0050.jpg 15 8 287 369
