240a_0001.jpg 127 164 113 128
240a_0001.jpg 90 249 105 98
240a_0002.jpg 51 171 205 171
240a_0003.jpg 173 90 84 74
240a_0004.jpg 91 117 216 169
240a_0005.jpg 122 61 156 190
240a_0006.jpg 46 162 211 234
240a_0007.jpg 121 4 251 258
240a_0008.jpg 74 93 89 81
240a_0009.jpg 120 62 125 98
240a_0009.jpg 240 115 125 111
240a_0010.jpg 86 26 147 157
240a_0011.jpg 34 127 154 149
240a_0012.jpg 10 74 82 72
240a_0013.jpg 13 87 73 54
240a_0014.jpg 34 3 151 170
240a_0015.jpg 12 86 73 54
240a_0016.jpg 85 92 49 39
240a_0017.jpg 24 48 167 170
240a_0018.jpg 98 70 132 79
240a_0019.jpg 85 50 95 89
240a_0020.jpg 115 84 152 131
240a_0021.jpg 49 81 178 192
240a_0022.jpg 89 183 224 212
240a_0023.jpg 138 74 106 115
240a_0024.jpg 38 20 91 107
240a_0025.jpg 81 74 64 66
240a_0026.jpg 15 76 154 164
240a_0027.jpg 97 85 88 74
240a_0028.jpg 61 106 131 118
240a_0029.jpg 49 87 116 79
240a_0030.jpg 114 75 77 88
240a_0031.jpg 62 55 108 112
240a_0032.jpg 8 98 149 149
240a_0033.jpg 81 61 57 56
240a_0034.jpg 56 55 110 111
240a_0035.jpg 95 37 79 79
240a_0036.jpg 59 22 135 118
240a_0037.jpg 73 68 77 78
240a_0038.jpg 116 176 174 157
240a_0039.jpg 95 84 243 215
240a_0040.jpg 5 90 377 413
240a_0041.jpg 106 47 131 152
240a_0042.jpg 6 236 384 394
240a_0043.jpg 89 76 231 208
240a_0044.jpg 57 152 286 223
240a_0045.jpg 26 84 317 330
240a_0046.jpg 128 113 148 158
240a_0047.jpg 113 2 186 203
240a_0048.jpg 8 80 110 132
240a_0049.jpg 49 60 153 182
240a_0050.jpg 135 180 149 157
240a_0051.jpg 128 64 84 88
240a_0052.jpg 124 185 140 151
240a_0053.jpg 102 5 196 200
240a_0054.jpg 163 138 80 82
240p_0001.jpg 109 82 129 154
240p_0002.jpg 88 22 156 156
240p_0003.jpg 89 26 138 134
240p_0004.jpg 111 26 141 130
240p_0005.jpg 68 20 167 180
240p_0006.jpg 83 38 123 135
240p_0007.jpg 71 15 166 154
240p_0008.jpg 47 81 134 140
240p_0009.jpg 92 14 127 124
240p_0010.jpg 73 22 149 158
240p_0011.jpg 67 23 192 170
240p_0012.jpg 116 24 159 164
240p_0013.jpg 75 19 172 167
240p_0014.jpg 102 25 138 136
240p_0015.jpg 51 20 191 187
240p_0016.jpg 55 69 134 142
240p_0017.jpg 144 111 96 135
240p_0018.jpg 89 44 134 153
240p_0019.jpg 71 19 147 154
240p_0020.jpg 89 61 136 141
240p_0021.jpg 61 20 190 204
240p_0022.jpg 66 25 154 169
240p_0023.jpg 88 20 154 158
240p_0024.jpg 59 31 192 209
240p_0025.jpg 72 8 163 186
240p_0026.jpg 59 18 184 188
240p_0027.jpg 72 26 188 190
240p_0028.jpg 63 18 207 210
240p_0029.jpg 66 20 187 225
240p_0030.jpg 48 36 156 176
240p_0031.jpg 90 30 153 155
240p_0032.jpg 95 19 146 148
240p_0033.jpg 75 24 167 191
240p_0034.jpg 67 25 167 183
240p_0035.jpg 79 32 168 158
240p_0036.jpg 74 31 201 209
240p_0037.jpg 51 21 221 208
240p_0038.jpg 44 28 227 229
240p_0039.jpg 88 111 199 192
240p_0040.jpg 32 114 190 184
240p_0041.jpg 73 83 244 239
240p_0042.jpg 131 103 156 165
240p_0043.jpg 85 76 231 224
240p_0044.jpg 151 86 108 101
240p_0045.jpg 8 136 355 390
240p_0046.jpg 5 94 359 327
240p_0047.jpg 23 57 279 270
240p_0048.jpg 10 59 163 166
240p_0049.jpg 86 39 81 93
240p_0050.jpg 49 43 121 112
240p_0051.jpg 86 36 101 105
240p_0052.jpg 106 109 121 113
240p_0053.jpg 61 173 298 280
240p_0054.jpg 135 129 143 132
