245a_0001.jpg 34 19 333 548
245a_0002.jpg 139 10 197 337
245a_0003.jpg 82 13 227 293
245a_0004.jpg 39 12 328 370
245a_0005.jpg 31 22 342 360
245a_0006.jpg 44 12 260 300
245a_0007.jpg 112 3 234 393
245a_0008.jpg 58 3 113 167
245a_0009.jpg 28 62 108 131
245a_0010.jpg 20 51 127 150
245a_0011.jpg 38 3 154 216
245a_0012.jpg 1 1 221 222
245a_0013.jpg 3 3 175 278
245a_0014.jpg 81 8 96 176
245a_0015.jpg 62 48 84 136
245a_0016.jpg 69 22 70 119
245a_0017.jpg 36 8 100 173
245a_0018.jpg 1 1 201 247
245a_0019.jpg 7 4 201 235
245a_0020.jpg 59 3 140 198
245a_0021.jpg 5 4 196 246
245a_0022.jpg 12 9 185 221
245a_0023.jpg 24 16 104 120
245a_0023.jpg 117 84 37 56
245a_0023.jpg 149 115 15 21
245a_0024.jpg 20 55 142 160
245a_0024.jpg 127 122 65 95
245a_0025.jpg 99 13 116 140
245a_0026.jpg 6 7 182 251
245a_0027.jpg 10 7 208 214
245a_0028.jpg 6 2 198 229
245a_0029.jpg 6 10 197 220
245a_0030.jpg 49 6 124 212
245a_0031.jpg 39 3 164 179
245a_0032.jpg 6 5 213 217
245a_0033.jpg 41 8 148 150
245a_0034.jpg 2 6 151 194
245a_0035.jpg 24 8 85 134
245a_0036.jpg 76 37 84 176
245a_0037.jpg 51 55 80 84
245a_0038.jpg 51 40 93 122
245a_0039.jpg 176 10 88 161
245a_0040.jpg 10 19 120 155
245a_0041.jpg 62 75 71 81
245a_0042.jpg 154 26 54 73
245a_0043.jpg 23 4 151 157
245a_0044.jpg 15 4 191 222
245a_0045.jpg 13 15 95 117
245a_0046.jpg 58 13 144 168
245a_0047.jpg 178 34 182 256
245a_0048.jpg 28 6 191 230
245a_0049.jpg 37 12 277 316
245a_0050.jpg 193 5 132 184
245a_0051.jpg 20 28 129 193
245a_0052.jpg 38 6 227 296
245p_0001.jpg 121 77 114 164
245p_0002.jpg 82 10 302 302
245p_0003.jpg 23 9 136 268
245p_0004.jpg 140 71 114 153
245p_0005.jpg 69 28 147 240
245p_0006.jpg 52 9 279 507
245p_0007.jpg 11 49 180 209
245p_0008.jpg 68 3 155 144
245p_0009.jpg 208 50 115 174
245p_0010.jpg 3 2 382 578
245p_0011.jpg 48 9 127 209
245p_0012.jpg 11 12 183 227
245p_0013.jpg 22 48 180 180
245p_0014.jpg 49 5 306 566
245p_0015.jpg 40 24 150 198
245p_0016.jpg 40 3 172 232
245p_0017.jpg 6 5 205 331
245p_0018.jpg 69 48 239 348
245p_0019.jpg 78 99 224 293
245p_0020.jpg 93 14 226 248
245p_0021.jpg 138 81 122 124
245p_0022.jpg 56 7 147 176
245p_0023.jpg 89 51 82 84
245p_0024.jpg 26 11 165 202
245p_0025.jpg 210 2 129 179
245p_0026.jpg 55 6 146 169
245p_0027.jpg 71 7 125 171
245p_0028.jpg 23 25 150 211
245p_0029.jpg 79 15 150 162
245p_0030.jpg 17 8 168 243
245p_0031.jpg 44 1 172 183
245p_0032.jpg 52 7 134 200
245p_0033.jpg 3 5 198 234
245p_0034.jpg 23 4 177 198
245p_0035.jpg 22 8 173 184
245p_0036.jpg 37 22 149 182
245p_0037.jpg 179 8 48 104
245p_0038.jpg 71 10 136 158
245p_0039.jpg 91 10 120 174
245p_0040.jpg 130 12 112 126
245p_0041.jpg 50 19 147 163
245p_0042.jpg 10 22 356 484
245p_0043.jpg 96 21 219 239
245p_0044.jpg 147 10 103 197
245p_0045.jpg 15 43 378 455
245p_0046.jpg 108 14 178 254
245p_0047.jpg 40 34 325 413
245p_0048.jpg 40 11 277 295
245p_0049.jpg 36 130 72 93
245p_0049.jpg 220 84 98 143
245p_0050.jpg 56 24 308 233
