246a_0001.jpg 121 37 112 433
246a_0002.jpg 140 18 95 263
246a_0003.jpg 237 22 85 356
246a_0004.jpg 147 84 94 304
246a_0004.jpg 220 184 78 225
246a_0005.jpg 77 23 92 255
246a_0006.jpg 65 55 32 119
246a_0006.jpg 125 58 25 109
246a_0006.jpg 156 49 28 121
246a_0007.jpg 21 1 51 171
246a_0008.jpg 15 19 64 208
246a_0009.jpg 82 12 52 201
246a_0010.jpg 55 10 58 200
246a_0011.jpg 9 27 49 223
246a_0011.jpg 78 20 71 198
246a_0011.jpg 131 23 62 228
246a_0012.jpg 47 8 73 290
246a_0013.jpg 52 19 71 256
246a_0014.jpg 27 20 73 219
246a_0015.jpg 37 21 72 212
246a_0016.jpg 53 21 47 170
246a_0017.jpg 112 27 166 572
246a_0018.jpg 125 2 181 735
246a_0019.jpg 54 35 44 161
246a_0020.jpg 75 63 48 146
246a_0021.jpg 121 17 50 156
246a_0022.jpg 34 36 47 135
246a_0022.jpg 128 15 47 154
246a_0022.jpg 173 26 35 145
246a_0023.jpg 58 35 52 177
246a_0023.jpg 106 39 53 176
246a_0024.jpg 73 71 57 211
246a_0025.jpg 92 12 64 222
246a_0026.jpg 41 15 53 215
246a_0027.jpg 43 20 51 173
246a_0028.jpg 48 17 59 189
246a_0029.jpg 37 42 53 175
246a_0029.jpg 94 23 52 164
246a_0029.jpg 130 34 47 166
246a_0030.jpg 37 11 38 147
246a_0030.jpg 70 23 37 82
246a_0030.jpg 115 18 42 102
246a_0030.jpg 143 15 46 139
246a_0030.jpg 206 21 47 93
246a_0030.jpg 238 33 31 122
246a_0031.jpg 36 3 65 228
246a_0032.jpg 42 20 51 202
246a_0033.jpg 43 11 104 246
246a_0034.jpg 84 6 69 255
246a_0035.jpg 108 26 48 176
246a_0036.jpg 45 43 51 173
246a_0037.jpg 79 36 177 147
246a_0038.jpg 57 2 69 213
246a_0039.jpg 37 42 59 209
246a_0040.jpg 67 2 83 234
246a_0041.jpg 47 17 65 227
246a_0042.jpg 49 1 82 267
246a_0043.jpg 46 7 65 233
246a_0044.jpg 60 20 56 227
246a_0045.jpg 11 18 61 197
246a_0046.jpg 81 14 62 187
246a_0047.jpg 78 23 55 230
246a_0048.jpg 7 2 70 238
246a_0049.jpg 18 5 57 196
246a_0050.jpg 57 15 74 247
246a_0051.jpg 82 15 76 173
246a_0052.jpg 85 8 50 158
246a_0053.jpg 79 15 29 100
246a_0054.jpg 88 58 104 455
246a_0054.jpg 150 20 100 454
246a_0054.jpg 218 56 109 451
246a_0055.jpg 139 123 121 342
246a_0056.jpg 88 22 132 463
246a_0057.jpg 115 45 98 399
246a_0058.jpg 149 65 129 469
246p_0001.jpg 143 12 123 513
246p_0002.jpg 84 4 53 212
246p_0003.jpg 80 4 47 194
246p_0004.jpg 145 39 120 478
246p_0005.jpg 135 7 79 336
246p_0006.jpg 42 12 207 280
246p_0007.jpg 84 2 57 216
246p_0008.jpg 31 80 81 298
246p_0008.jpg 112 49 129 354
246p_0008.jpg 243 48 142 370
246p_0009.jpg 61 25 44 164
246p_0009.jpg 97 14 46 182
246p_0010.jpg 159 37 125 517
246p_0011.jpg 208 31 53 195
246p_0012.jpg 101 36 151 632
246p_0013.jpg 65 5 62 223
246p_0014.jpg 128 17 55 248
246p_0015.jpg 52 15 95 358
246p_0016.jpg 92 15 75 329
246p_0017.jpg 121 14 99 233
246p_0018.jpg 33 13 42 170
246p_0018.jpg 73 12 41 168
246p_0019.jpg 114 17 73 283
246p_0020.jpg 102 50 64 236
246p_0020.jpg 178 59 64 235
246p_0020.jpg 291 48 55 236
246p_0021.jpg 105 43 62 208
246p_0022.jpg 59 42 68 255
246p_0023.jpg 55 28 59 161
246p_0024.jpg 133 14 126 420
246p_0025.jpg 50 11 51 171
246p_0026.jpg 3 3 274 197
246p_0027.jpg 80 59 79 298
246p_0028.jpg 30 67 50 129
246p_0028.jpg 69 77 47 104
246p_0028.jpg 100 67 51 100
246p_0028.jpg 129 60 54 105
246p_0029.jpg 83 12 158 357
246p_0030.jpg 57 32 61 238
246p_0030.jpg 97 32 67 245
246p_0031.jpg 109 44 159 477
246p_0032.jpg 79 24 79 287
246p_0033.jpg 67 14 67 250
246p_0034.jpg 37 24 63 264
246p_0034.jpg 164 24 67 263
246p_0034.jpg 293 23 66 263
246p_0035.jpg 48 15 145 547
246p_0035.jpg 191 13 156 575
246p_0036.jpg 72 11 84 359
246p_0037.jpg 120 21 197 721
246p_0038.jpg 53 44 30 95
246p_0039.jpg 21 4 132 310
246p_0040.jpg 139 10 137 568
246p_0041.jpg 130 17 70 270
246p_0042.jpg 42 15 68 262
246p_0043.jpg 61 24 157 350
246p_0044.jpg 104 40 96 361
246p_0045.jpg 32 12 49 168
246p_0045.jpg 66 9 36 165
246p_0045.jpg 162 6 44 168
246p_0045.jpg 35 138 128 55
246p_0045.jpg 150 132 110 67
246p_0046.jpg 26 18 66 274
246p_0046.jpg 123 23 65 266
246p_0046.jpg 222 67 57 222
246p_0046.jpg 310 16 77 275
246p_0047.jpg 17 10 58 236
246p_0048.jpg 67 3 50 214
246p_0049.jpg 66 3 56 213
246p_0050.jpg 55 14 63 227
