250a_0001.jpg 42 15 343 254
250a_0002.jpg 32 23 367 255
250a_0003.jpg 10 51 386 392
250a_0004.jpg 41 123 134 133
250a_0004.jpg 127 66 183 186
250a_0005.jpg 36 27 208 166
250a_0006.jpg 72 208 124 74
250a_0006.jpg 64 62 258 204
250a_0007.jpg 28 65 309 241
250a_0008.jpg 35 54 333 301
250a_0009.jpg 27 26 305 266
250a_0010.jpg 43 39 293 231
250a_0011.jpg 31 26 330 289
250a_0012.jpg 18 13 208 215
250a_0013.jpg 14 30 374 350
250a_0014.jpg 9 31 383 217
250a_0015.jpg 2 2 289 281
250a_0016.jpg 79 46 233 210
250a_0017.jpg 106 125 168 151
250a_0018.jpg 61 61 260 222
250a_0019.jpg 58 37 335 460
250a_0020.jpg 56 31 324 505
250a_0021.jpg 4 2 396 415
250a_0022.jpg 16 1 384 400
250a_0023.jpg 68 2 199 206
250a_0024.jpg 59 126 338 376
250a_0025.jpg 18 100 246 204
250a_0025.jpg 83 75 293 231
250a_0026.jpg 33 14 325 366
250a_0027.jpg 31 32 345 248
250a_0028.jpg 3 4 395 512
250a_0029.jpg 19 19 361 354
250a_0030.jpg 6 17 375 255
250a_0031.jpg 3 1 398 306
250a_0032.jpg 58 182 264 309
250a_0033.jpg 25 23 343 346
250a_0034.jpg 60 23 287 217
250a_0035.jpg 20 19 172 227
250a_0036.jpg 2 6 119 113
250a_0037.jpg 24 53 183 135
250a_0038.jpg 22 23 223 155
250a_0039.jpg 53 37 270 220
250a_0040.jpg 54 65 310 316
250a_0041.jpg 76 47 238 219
250a_0042.jpg 22 13 322 270
250a_0043.jpg 28 16 350 287
250a_0043.jpg 190 4 71 32
250a_0043.jpg 256 8 57 23
250a_0043.jpg 335 6 66 30
250a_0044.jpg 3 61 395 280
250a_0045.jpg 37 24 235 250
250a_0046.jpg 78 38 244 303
250a_0047.jpg 12 26 356 299
250a_0048.jpg 1 3 398 396
250a_0049.jpg 117 76 157 159
250a_0050.jpg 84 187 187 150
250a_0051.jpg 90 84 228 155
250a_0052.jpg 97 27 207 210
250a_0053.jpg 20 14 354 266
250a_0054.jpg 62 19 292 230
250a_0054.jpg 29 151 62 40
250a_0054.jpg 63 134 61 31
250a_0055.jpg 28 7 268 311
250a_0056.jpg 1 2 335 311
250a_0057.jpg 49 117 209 160
250a_0058.jpg 20 19 316 210
250a_0059.jpg 24 28 361 269
250a_0060.jpg 90 26 236 234
250a_0061.jpg 13 12 370 259
250a_0062.jpg 75 78 274 271
250a_0063.jpg 27 49 346 281
250a_0064.jpg 29 96 341 215
250a_0065.jpg 25 25 345 260
250a_0066.jpg 13 14 379 279
250p_0001.jpg 62 40 301 201
250p_0002.jpg 11 15 356 303
250p_0003.jpg 55 63 246 186
250p_0004.jpg 24 19 347 193
250p_0005.jpg 96 119 228 154
250p_0005.jpg 2 137 105 127
250p_0005.jpg 327 156 73 126
250p_0006.jpg 24 3 198 145
250p_0007.jpg 46 18 232 202
250p_0008.jpg 15 18 346 276
250p_0008.jpg 31 169 88 74
250p_0009.jpg 7 10 169 121
250p_0010.jpg 39 56 302 199
250p_0011.jpg 24 14 180 174
250p_0012.jpg 13 3 376 394
250p_0013.jpg 78 65 188 127
250p_0014.jpg 24 53 191 138
250p_0015.jpg 41 81 285 218
250p_0016.jpg 42 31 308 213
250p_0017.jpg 78 36 271 213
250p_0018.jpg 87 81 263 195
250p_0019.jpg 39 22 351 243
250p_0020.jpg 46 39 314 225
250p_0021.jpg 5 21 352 280
250p_0022.jpg 40 37 337 225
250p_0023.jpg 60 27 309 215
250p_0024.jpg 38 10 294 219
250p_0025.jpg 48 32 326 255
250p_0026.jpg 32 17 350 227
250p_0027.jpg 14 16 348 239
250p_0028.jpg 43 24 317 207
250p_0029.jpg 37 16 347 228
250p_0030.jpg 57 44 184 133
250p_0031.jpg 92 5 284 176
250p_0032.jpg 86 49 248 185
250p_0033.jpg 75 45 220 156
250p_0034.jpg 119 15 221 232
250p_0035.jpg 66 17 314 238
250p_0036.jpg 91 1 244 238
250p_0037.jpg 86 48 242 191
250p_0038.jpg 38 89 326 160
250p_0039.jpg 52 56 343 175
250p_0040.jpg 12 10 340 286
250p_0041.jpg 27 11 341 290
250p_0042.jpg 15 25 384 258
250p_0043.jpg 115 42 199 166
250p_0044.jpg 89 10 296 253
250p_0045.jpg 38 50 302 196
250p_0046.jpg 14 20 382 237
250p_0047.jpg 34 20 313 236
250p_0048.jpg 65 36 271 226
250p_0049.jpg 26 38 344 199
250p_0050.jpg 43 69 312 154
250p_0051.jpg 82 12 242 234
250p_0052.jpg 38 29 328 259
