252a_0001.jpg 2 1 398 148
252a_0002.jpg 1 1 397 163
252a_0003.jpg 5 78 386 150
252a_0004.jpg 1 1 399 122
252a_0005.jpg 33 1 367 208
252a_0006.jpg 12 14 378 244
252a_0007.jpg 23 87 354 108
252a_0008.jpg 28 48 344 95
252a_0009.jpg 54 38 295 177
252a_0010.jpg 21 39 360 223
252a_0011.jpg 2 2 396 222
252a_0012.jpg 19 31 366 185
252a_0013.jpg 7 13 384 185
252a_0014.jpg 2 1 397 172
252a_0015.jpg 11 7 389 170
252a_0016.jpg 3 2 334 178
252a_0017.jpg 9 17 375 255
252a_0018.jpg 19 150 355 110
252a_0019.jpg 16 9 377 118
252a_0020.jpg 2 34 398 233
252a_0021.jpg 59 52 193 138
252a_0022.jpg 45 68 306 172
252a_0023.jpg 41 62 317 164
252a_0024.jpg 2 62 298 149
252a_0025.jpg 20 92 346 138
252a_0026.jpg 38 65 342 136
252a_0027.jpg 65 60 164 76
252a_0028.jpg 5 29 289 144
252a_0029.jpg 48 61 312 171
252a_0030.jpg 129 82 195 119
252a_0031.jpg 13 9 386 131
252a_0032.jpg 2 7 396 130
252a_0033.jpg 23 101 253 132
252a_0034.jpg 1 13 302 95
252a_0035.jpg 3 3 397 137
252a_0036.jpg 13 8 382 125
252a_0037.jpg 5 181 393 143
252a_0038.jpg 26 8 367 131
252a_0039.jpg 35 94 306 114
252a_0040.jpg 4 2 246 135
252a_0041.jpg 18 23 254 100
252a_0042.jpg 5 95 238 63
252a_0043.jpg 3 2 362 135
252a_0044.jpg 21 30 316 93
252a_0045.jpg 22 70 180 89
252a_0046.jpg 8 13 352 119
252a_0047.jpg 11 26 225 116
252a_0048.jpg 16 31 306 115
252a_0049.jpg 29 36 184 152
252a_0050.jpg 58 64 137 91
252a_0051.jpg 11 2 361 134
252a_0052.jpg 32 26 355 179
252a_0053.jpg 17 87 234 88
252a_0054.jpg 26 49 267 243
252a_0055.jpg 47 57 181 96
252a_0056.jpg 11 55 378 195
252p_0001.jpg 24 134 352 106
252p_0002.jpg 11 20 322 113
252p_0003.jpg 42 44 196 106
252p_0004.jpg 14 58 259 80
252p_0005.jpg 12 53 239 86
252p_0006.jpg 13 64 239 101
252p_0007.jpg 9 44 251 99
252p_0008.jpg 17 48 237 99
252p_0009.jpg 19 74 228 89
252p_0010.jpg 21 65 221 68
252p_0011.jpg 21 70 221 72
252p_0012.jpg 29 76 207 61
252p_0013.jpg 9 71 246 89
252p_0014.jpg 8 54 284 92
252p_0015.jpg 22 60 219 83
252p_0016.jpg 21 59 220 83
252p_0017.jpg 21 100 227 68
252p_0018.jpg 49 67 298 122
252p_0019.jpg 143 98 211 84
252p_0020.jpg 39 111 250 120
252p_0021.jpg 90 83 243 138
252p_0022.jpg 30 65 349 117
252p_0023.jpg 173 115 223 88
252p_0024.jpg 24 71 357 112
252p_0025.jpg 50 86 271 87
252p_0026.jpg 20 105 371 111
252p_0027.jpg 39 46 331 144
252p_0028.jpg 34 135 233 73
252p_0029.jpg 22 85 353 104
252p_0030.jpg 50 81 297 102
252p_0031.jpg 25 79 351 150
252p_0032.jpg 52 79 316 140
252p_0033.jpg 60 117 173 62
252p_0034.jpg 12 50 263 109
252p_0035.jpg 9 28 274 128
252p_0036.jpg 27 88 219 74
252p_0037.jpg 9 48 279 91
252p_0038.jpg 21 79 248 69
252p_0039.jpg 27 51 258 89
252p_0040.jpg 19 72 237 83
252p_0041.jpg 15 39 274 108
252p_0042.jpg 9 73 246 84
252p_0043.jpg 13 65 241 71
252p_0044.jpg 20 88 229 63
252p_0045.jpg 23 62 237 88
252p_0045.jpg 14 30 47 21
252p_0046.jpg 57 107 191 67
252p_0047.jpg 57 86 187 66
252p_0048.jpg 57 72 226 71
252p_0049.jpg 34 56 193 103
252p_0050.jpg 19 78 212 63
252p_0051.jpg 10 96 388 128
252p_0052.jpg 180 139 200 83
252p_0053.jpg 16 126 367 120
252p_0053.jpg 175 108 55 23
252p_0053.jpg 233 110 58 23
252p_0053.jpg 4 125 93 55
252p_0054.jpg 163 110 191 92
252p_0055.jpg 6 58 394 175
252p_0056.jpg 49 73 299 150
