253a_0001.jpg 61 6 206 273
253a_0002.jpg 62 65 178 211
253a_0003.jpg 94 82 135 160
253a_0004.jpg 69 65 107 128
253a_0005.jpg 72 89 124 138
253a_0006.jpg 52 77 166 211
253a_0007.jpg 95 60 148 225
253a_0008.jpg 29 38 195 248
253a_0009.jpg 74 11 167 175
253a_0010.jpg 36 61 158 188
253a_0011.jpg 15 45 181 206
253a_0012.jpg 67 69 161 214
253a_0013.jpg 68 77 184 213
253a_0014.jpg 53 118 122 132
253a_0015.jpg 94 85 140 156
253a_0016.jpg 27 76 122 170
253a_0017.jpg 26 73 177 216
253a_0018.jpg 46 84 161 176
253a_0019.jpg 40 40 146 192
253a_0020.jpg 23 50 152 188
253a_0021.jpg 114 105 176 216
253a_0022.jpg 12 52 161 164
253a_0023.jpg 52 102 292 307
253a_0024.jpg 105 135 194 209
253a_0025.jpg 74 74 251 264
253a_0026.jpg 107 108 154 160
253a_0027.jpg 61 110 278 276
253a_0028.jpg 58 108 299 337
253a_0029.jpg 119 132 177 226
253a_0030.jpg 74 139 199 222
253a_0031.jpg 122 109 173 264
253a_0032.jpg 82 143 207 262
253a_0033.jpg 105 107 127 151
253a_0034.jpg 67 82 174 187
253a_0035.jpg 133 51 173 232
253a_0036.jpg 63 80 280 261
253a_0037.jpg 101 113 192 214
253a_0038.jpg 37 39 141 162
253a_0039.jpg 33 48 159 150
253a_0040.jpg 95 9 140 159
253a_0041.jpg 49 62 119 157
253a_0042.jpg 65 35 107 148
253a_0043.jpg 60 57 100 132
253a_0044.jpg 95 26 101 112
253a_0045.jpg 66 50 92 121
253a_0046.jpg 57 78 75 109
253a_0047.jpg 64 15 335 448
253a_0048.jpg 51 67 188 203
253a_0049.jpg 88 135 235 329
253a_0050.jpg 127 41 132 142
253a_0051.jpg 27 27 247 247
253a_0052.jpg 84 21 213 223
253a_0053.jpg 75 75 221 259
253a_0054.jpg 51 46 114 118
253a_0055.jpg 31 118 261 333
253a_0056.jpg 74 76 259 324
253p_0001.jpg 45 13 106 137
253p_0002.jpg 59 97 142 172
253p_0003.jpg 51 92 151 198
253p_0004.jpg 65 85 150 185
253p_0005.jpg 74 65 130 165
253p_0006.jpg 74 85 133 203
253p_0007.jpg 65 81 143 184
253p_0008.jpg 66 80 147 178
253p_0009.jpg 74 70 148 176
253p_0010.jpg 72 42 132 186
253p_0011.jpg 41 65 163 214
253p_0012.jpg 82 70 154 225
253p_0013.jpg 72 90 140 183
253p_0014.jpg 77 88 133 181
253p_0015.jpg 62 64 145 237
253p_0016.jpg 51 57 147 172
253p_0017.jpg 70 98 180 226
253p_0018.jpg 106 79 208 273
253p_0019.jpg 117 43 202 285
253p_0020.jpg 104 113 198 271
253p_0021.jpg 97 118 210 300
253p_0022.jpg 171 38 202 284
253p_0023.jpg 91 88 179 215
253p_0024.jpg 70 91 267 414
253p_0025.jpg 84 7 244 318
253p_0026.jpg 155 117 180 259
253p_0027.jpg 52 111 181 224
253p_0028.jpg 108 47 70 94
253p_0029.jpg 95 15 96 145
253p_0030.jpg 76 12 125 154
253p_0031.jpg 38 52 113 146
253p_0032.jpg 47 57 109 115
253p_0033.jpg 84 27 87 128
253p_0034.jpg 44 44 112 154
253p_0035.jpg 94 38 98 134
253p_0036.jpg 61 66 89 134
253p_0037.jpg 54 51 121 167
253p_0038.jpg 37 63 110 134
253p_0039.jpg 100 50 86 113
253p_0040.jpg 135 18 84 115
253p_0041.jpg 98 78 218 323
253p_0042.jpg 125 79 153 213
253p_0043.jpg 104 111 181 189
253p_0044.jpg 105 141 195 243
253p_0045.jpg 127 26 140 197
253p_0046.jpg 117 77 183 256
253p_0047.jpg 76 154 214 275
253p_0048.jpg 125 85 182 269
253p_0049.jpg 94 58 222 300
253p_0050.jpg 128 89 166 206
253p_0051.jpg 71 144 237 319
253p_0052.jpg 105 86 211 327
253p_0053.jpg 94 91 212 271
253p_0054.jpg 118 109 183 240
253p_0055.jpg 102 97 196 232
253p_0056.jpg 81 87 203 234
